===SHEET Sheet1===
ORG,OBJ,DESCRIPTION,FY24 BUDGET,FY24 ACTUAL,FY25 BUDGET,FY25 ACTUAL,FY26 ORIGIN APPROP,FY2027,$ CHANGE,% CHANGE
12101,511000,POLICE CHIEF SALARY,115005,122000,125050,137258.43,125050,148625,,
12101,511001,SALARIES ADMINISTRATIVE ASST,62878.4,66234.29,71681.04,58902.48,60927.84,62726.67,1798.8300000000017,0.029523941764552985
12101,511003,SALARIES CLERK,8873.28,17782.32,18362.08,19401.04,21185.92,21829.52,643.6000000000022,0.030378666586110124
12101,511004,POLICE SARGENTS SALARIES,335682.88,308892.8,345397.8,263450.4,345397.8,273771.42,-71626.38,-0.20737358489255
12101,511005,POLICE LIEUTENANTS SALARIES,96508.67,96508.63,99301.94,87126.96,99301.94,104956.09,5654.149999999994,0.05693896816114563
12101,511006,POLICE PATROLMAN SALARIES,903129.75,900013.35,938871.76,917897.91,940383.58,970742.32,30358.73999999999,0.032283358244090135
12101,511021,COURT OFFICERS STIPEND,3100,3100,3100,3100,3100,3100,0,0
12101,511030,SALARY DETECTIVE/SERGEANT/PATR,78347.36,78347.36,80614.97,80615.07,80614.97,170393.48,89778.51000000001,1.1136704510340947
12101,513000,OVERTIME POLICE DEPT,175470.77,150616.27,176849.31,204720.99,165000,165000,0,0
12101,513004,COMMUNITY POLICING,12995.18,13916.43,13999.84,10822.98,14319.31,14748.89,429.5799999999999,0.030000048885037055
12101,513006,K9 CARE OVERTIME,19095.09,18782.88,19095.1,19571.3,39144.94,40319.29,1174.3499999999985,0.030000045982954592
12101,514000,POLICE SHIFT DIFFERENTIAL,31848.02,28265.92,33169.16,29425.91,31019.51,31950.1,930.5900000000001,0.030000151517544933
12101,514001,POLICE HOLIDAY PAY,54993.64,45983.41,56705.45,31987.58,54846.95,61523.02,6676.07,0.1217218095080948
12101,514002,POLICE LONGEVITY PAY,15552.28,11730,11730,9600,10717.47,6400,-4317.469999999999,-0.4028441413878462
12101,514003,POLICE COURT TIME,15800,10262.09,12626.64,3630.59,12626.71,13005.51,378.8000000000011,0.029999897043648038
12101,514004,INVESTIGATIVE FIELD SERVICES,36695.72,38755.23,37879.91,35181.51,37880.12,39016.52,1136.3999999999942,0.029999904963342094
12101,514005,FIELD TRNG OFFICER DIFFERENTIA,600,488,600,168,600,618,18,0.03
12101,514006,OFFICER IN CHARGE DIFFERENTIAL,1440,1266,1440,5254,2000,4500,2500,1.25
12101,515001,VACATION BUYOUT,0,0,0,0,0,0,0,
12101,517000,RETIREMENTS,0,0,0,0,0,0,0,
12101,519001,POLICE UNIFORM ALLOWANCE,31000,31000,31000,30225,31000,31000,0,0
12101,519002,POLICE EDUCATIONAL INCENTIVE,122651.37,117250.87,141685.19,114357.19,142205.19,215367.87,73162.68,0.5144867075526568
12101,519003,POLICE TRAINING FIREARMS QUALI,16309.21,18185.27,16835.52,10606.47,13179.82,13575.21,395.3899999999994,0.029999650981576337
12101,519009,IN-SERV/SPECIALIZED TRAINING,71352.79,58584.81,73655.38,67898.75,70000,70000,0,0
12101,519020,POLICE LESS LETHAL TRAINING,8154.6,3534.51,8417.76,3726.86,8417.8,8670.33,252.53000000000065,0.029999524816460437
12101,519021,SCHOOL RESOURCE STIPEND,2000,2000,4000,3400,6800,3400,-3400,-0.5
12101,519022,TRAFFIC OFFICER STIPEND,2000,2000,2000,2000,2000,2000,0,0
12101,519025,ACCREDIDATION MANAGER STIPEND,0,0,0,0,0,3400,3400,1
12101,519026,TRANSLATOR STIPEND,0,0,0,0,0,2000,2000,1
12101,519027,PUBLIC INFORMATION OFFICER STIPEND,0,0,0,0,0,2000,2000,1
,,     TOTAL PAYROLL - POLICE,2221484.0100000002,2145500.44,2324068.8499999996,2150329.4200000004,2317719.8699999996,2484639.24,166919.37000000058,0.07201878542811155
12102,521007,EQUIPMENT MTC,12700,8626.31,12700,13864.58,12700,12700,0,0
12102,531058,DETAIL SOFTWARE ANNUAL FEE,4080,4560,4800,4440,4800,4800,0,0
12102,534200,PRINTING-POLICE,3500,4109.03,3500,1081.69,3500,3500,0,0
12102,540000,OFFICE SUPPLIES-POLICE ADMIN,5600,7194.03,5600,6645.55,5600,5600,0,0
12102,551001,SUPPLIES FIREARMS QUALIFICATIO,15000,25115.75,18000,11106.27,21600,22248,648,0.03
12102,551002,BADGES,1050,1063.24,1050,947.2,1050,1050,0,0
12102,tbd,OFFICER BODY ARMOR,0,0,0,0,0,6000,6000,1
12102,tbd,BUILDING/DEPT SOFTWARE,0,0,5000,5000,0,1350,1350,1
12102,555060,MOTORCYCLE LEASE,5000,5000,0,0,0,0,0,
12102,558700,K-9 EXPENSES,8000,10782.79,8000,8812.73,8987.6,9257.23,269.6299999999992,0.030000222528817393
12102,573000,DUES/MEMBERSHIP-POLICE,6000,4850,6300,5619.52,6615,6813.45,198.44999999999982,0.02999999999999997
12102,573200,TRAINING COURSE FEES,23600,26727.31,23600,18474.4,23600,23600,0,0
,,     TOTAL EXPENSE - POLICE,84530,98028.45999999999,88550,75991.94,88452.6,96918.68,8466.079999999987,0.09571318423652879
,,TOTAL POLICE,2306014.0100000002,2243528.9,2412618.8499999996,2226321.3600000003,2406172.4699999997,2581557.9200000004,175385.45000000065,0.07288980826881486
12131,511014,PAYROLL LOCK-UP,20000,7269.33,15000,16155.17,15000,15000,0,0
,,     TOTAL  PAYROLL - LOCK UP,20000,7269.33,15000,16155.17,15000,15000,0,0
12132,531006,PURCHASE OF SERVICE,2800,1918.03,2800,678.77,2800,2800,0,0
12132,540000,SUPPLIES-LOCK UP,2800,1962.77,2800,1098.08,2800,2800,0,0
,,     TOTAL EXPENSE - LOCK UP,5600,3880.8,5600,1776.85,5600,5600,0,0
,,TOTAL POLICE LOCK UP,25600,11150.130000000001,20600,17932.02,20600,20600,0,0
12141,515000,POLICE/FIRE INJURY LEAVE,4000,445.12,4000,0,4000,4000,0,0
,,TOTAL INJURY LEAVE,4000,445.12,4000,0,4000,4000,0,0
15242,531035,POLICE/FIRE MEDICAL EXPENSES,4000,1475,4000,2262,4000,6000,2000,0.5
,,TOTAL POLICE FIRE/MEDICAL EXPENSES,4000,1475,4000,2262,4000,6000,2000,0.5
,,SUBTOTAL POLICE,2339614.0100000002,2256599.15,2441218.8499999996,2246515.3800000004,2434772.4699999997,2612157.9200000004,177385.45000000065,0.5728898082688149
12281,511001,SALARIES CLERICAL (RADIO WATCH),49068.8,48111.76,56501.76,44088.57,56865.92,56865.92,0,0
12281,512103,SALARIES RESERVES/CALL FF,46729.74,48372.39,47897.98,39767.42,47897.98,47898,0.01999999999679858,4.175541431350253e-07
,,     TOTAL SALARY - CALL FIRE FIGHTERS,95798.54000000001,96484.15,104399.74,83855.98999999999,104763.9,104763.92,0.020000000004074536,1.9090545506681728e-07
12282,573300,NVRDD ASSESSMENT,212921.42,212921.42,200913.97,200913.96,206000,208000,2000,0.009708737864077669
,,     TOTAL EXPENSE - DISPATCH,212921.42,212921.42,200913.97,200913.96,206000,208000,2000,0.009708737864077669
,,TOTAL RADIO WATCH,308719.96,309405.57,305313.71,284769.94999999995,310763.9,312763.92,2000.0199999999604,0.006435818317378435
12921,511000,ANIMAL CONTROL OFFICER SALARY,20000,20000,35000,35000,35000,35000,0,0
12921,511107,INSPECTOR OF ANIMALS SALARY,0,0,0,0,1000,1000,0,0
,,     TOTAL SALARY - ANIMAL CONTROL,20000,20000,35000,35000,36000,36000,0,0
12922,531025,VETERINARY CHARGES,6000,5734.37,6000,5996.44,6000,6000,0,0
12922,531026,CARE AND CUSTODY,15000,15000,0,0,0,0,0,0
12922,534200,PRINTING,500,611.2,625,0,625,625,0,0
12922,540000,OFFICE SUPPLIES,3500,5690.44,3500,2360.13,3500,3500,0,0
12922,540003,KENNEL AT PUBLIC SAFETY BLDG,4000,3974,0,0,0,0,0,0
,,     TOTAL EXPENSE - ANIMAL CONTROL,29000,31010.01,10125,8356.57,10125,10125,0,0
,,TOTAL ANIMAL CONTROL,49000,51010.009999999995,45125,43356.57,46125,46125,0,0
14292102,531006,PURCHASE OF SERVICE,9000,9563.22,9000,2566.26,9000,9000,0,0
14292102,541018,VEHICLE MAINTENANCE SUPPLIES POLICE,18000,17189.7,18000,16170.3,18000,18000,0,0
14292102,541019,FUEL CHARGES POLICE,40000,35139.54,40000,28936.72,40000,40000,0,0
,,     TOTAL EXPENSES - VEHICLE MTC POLICE DEPT,67000,61892.46,67000,47673.28,67000,67000,0,0
