===SHEET What If===
,Include,Project,,,,,,,,,,,,,,,,,,,,,,
,Y,Outstanding Excludable Debt,,,,,,,,,,,,,,,,,,,,,,
,Y,Marshall Park - 18 yr Full Value,,,,,,,,,,,,,,,,,,,,,,
,N,Marshall Park - Phase 1 Only,,,,,,,,,,,,,,,,,,,,,,
,N,10% Grants ($1.374M) Marshall,,,,,,,,,,,,,,,,,,,,,,
,N,Town Hall Ritter - 20 years,,,,,,,,,,,,,,,,,,,,,,
,N,THES Project (20yr $16M - 50% MSBA),,,,,,,,,,,,,,,,,,,,,,
,Y,THES New Build (30 yr $110M - 50% MSBA),,,,,,,,,,,,,,,,,,,,,,
,0.0422,2.5% + New Growth,,,,,,,,,,,,,,,,,,,,,,
,,(Average from 2014-2024 was 4.22%),,,,,,,,,,,,,,,,,,,,,,
,,(3.73% was used in Fincom Report),,,,,,,,,,,,,,,,,,,,,,
===SHEET Debt Service_What If===
,,What If Tab Turns Projects Off or On,,,,,,,,,,,,,,567389,,,,,,,,,,,,,,,,,,,,,,,,,,,,,,,,,,,,,,,,,,,,,
,,Year,2015,2016,2017,2018,2019,2020,2021,2022,2023,2024,2025,2026,2027,2028,2029,2030,2031,2032,2033,2034,2035,2036,2037,2038,2039,2040,2041,2042,2043,2044,2045,2046,2047,2048,2049,2050,2051,2052,2053,2054,2055,2056,2057,2058,2059,2060,2061,2062,2063,2064,2065,2066,,,,,,,
,Include,Project,,,,,,,,,,,Principal and Interest,,,,,,,,,,,,,,,,,,,,,,,,,,,,,,,,,,,,,,,,,,,,,,,,
,Y,Outstanding Excludable Debt,1026460.56,2494847.13,2714974.7600000002,2733557.7699999996,2857514.84,2947345,2848666,2825414,2825456,2477703.88,2403367,2301192,2289917,2258067,2224653,2119403,2108323,2076823,1940003,1935900,1940365,1795921,1803194,1799038,1798575,1801631,1801225,1804119,1800150,1798140,1319215,,,,,,,,,,,,,,,,,,,,,,,,,,,,
,Y,Marshall Park - 18 yr Full Value,,,,,,,,,,,,13475,741500,1078469,1077081,1079969,1076950,1078206,1073556,1078181,1076719,1079350,1075894,1076531,1076081,1079544,1076738,1077844,1077681,1036250,,,,,,,,,,,,,,,,,,,,,,,,,,,,,
,N,Marshall Park - Phase 1 ,,,,,,,,,,,,8983,226100,514175,514025,518513,517456,516038,514256,517113,514425,516375,517781,513644,514144,514100,513513,517381,515525,518125,,,,,,,,,,,,,,,,,,,,,,,,,,,,,
,N,10% Grants ($1.374M) Marshall,,,,,,,,,,,,-1347.5,-74150,-107846.90000000001,-107708.1,-107996.90000000001,-107695,-107820.6,-107355.6,-107818.1,-107671.90000000001,-107935,-107589.40000000001,-107653.1,-107608.1,-107954.40000000001,-107673.8,-107784.40000000001,-107768.1,-103625,,,,,,,,,,,,,,,,,,,,,,,,,,,,,
,N,Town Hall Ritter - 20 years,,,,,,,,,,,,61697,688625,1601052,1601438,1601625,1600688,1603625,1600250,1600750,1604938,1602625,1604000,1603875,1602250,1604125,1604313,1602813,1604625,1604563,1602625,1603813,1602938,,,,,,,,,,,,,,,,,,,,,,,,,,
,N,THES Project (20yr $16mil - 50% MSBA),,,,,,,,,,,,,,,,22133.452914798207,247040.35874439462,574368.4304932735,574506.9058295963,574573.9910313901,574237.8475336323,575291.4798206277,574080.7174887892,574260.0896860986,575762.5112107623,574932.7354260089,575426.0089686099,575381.1659192825,574798.2062780269,575470.8520179372,575538.2959641255,575000.1793721972,575650.2242152466,575627.9820627802,574932.7354260089,575358.9237668162,,,,,,,,,,,,,,,,,,,,,,,
,Y,THES New Build (30 yr $110M - 50% MSBA),,,,,,,,,,,,,,,,,,,,,,152167.48878923766,1698402.466367713,3338292.8251121077,3327253.3632286997,3332556.053811659,3335762.331838565,3349204.0358744394,3335362.7802690584,3332279.8206278025,3327100.4484304935,3344488.340807175,3334067.937219731,3333882.9596412554,3331076.2331838566,3350313.9013452916,3328888.5650224215,3330028.0269058296,3340357.1748878923,3334684.529147982,3338199.1031390135,3338043.721973094,3346552.6905829594,3338536.9955156953,3326853.8116591927,3336164.3497757846,3328424.8878923766,3328826.9058295963,3324510.7623318387,3327808.2959641255,3338199.1031390135,2676904.260089686,385678.25112107623,,,,,,
,,Total Excluded Debt,1026460.56,2494847.13,2714974.7600000002,2733557.7699999996,2857514.84,2947345,2848666,2825414,2825456,2477703.88,2403367,2314667,3031417,3336536,3301734,3199372,3185273,3155029,3013559,3014081,3017084,3027438.4887892376,4577490.466367713,6213861.825112108,6201909.363228699,6213731.053811659,6213725.331838565,6231167.035874439,6213193.780269058,6166669.820627803,4646315.4484304935,3344488.340807175,3334067.937219731,3333882.9596412554,3331076.2331838566,3350313.9013452916,,,,,,,,,,,,,,,,,,,,,,,
,0.0422,Levy Limit w/o Debt Exclusions,20173974,21039179,22054802,23087668,24137396,25107062,26043471,27131063,28043723,29375036,31602108,32935716.9576,34325604.213210724,35774144.71100822,37283813.61781277,38857190.55248447,40496963.993799314,42205935.87433764,43987026.368234694,45843278.880974196,47777865.24975131,49794091.16329081,51895401.81038169,54085387.766779795,56367791.130537905,58746511.91624661,61225614.71911222,63809335.660258755,66502089.625121675,69308477.8073018,72233295.57076994,75281540.64385642,78458421.65902716,81769367.0530381,85220034.34267631,88816319.79193725,,,,,,,,,,,,,,,,,,,,,,,
,,Levy Limit w/ Debt Exclusions,21003908.13,23524240.77,24769718.89,25847547.01,26941205.28,28054407,28892137,29956477,30869179,31422519,34005475,35250383.9576,37357021.213210724,39110680.71100822,40585547.61781277,42056562.55248447,43682236.993799314,45360964.87433764,47000585.368234694,48857359.880974196,50794949.24975131,52821529.65208005,56472892.2767494,60299249.5918919,62569700.493766606,64960242.97005827,67439340.05095078,70040502.6961332,72715283.40539074,75475147.62792961,76879611.01920043,78626028.98466359,81792489.59624688,85103250.01267937,88551110.57586017,92166633.69328254,,,,,,,,,,,,,,,,,,,,,,,
,,Max Net Regular Debt,840156.3252,940969.6308,990788.7556,1033901.8804000001,1077648.2112,1122176.28,1155685.48,1198259.08,1234767.16,1256900.76,1360219,1410015.358304,1494280.848528429,1564427.228440329,1623421.9047125108,1682262.5020993787,1747289.4797519725,1814438.5949735057,1880023.4147293877,1954294.3952389678,2031797.9699900523,2112861.1860832023,2258915.691069976,2411969.983675676,2502788.0197506645,2598409.718802331,2697573.6020380314,2801620.107845328,2908611.3362156297,3019005.9051171844,3075184.4407680174,3145041.1593865436,3271699.5838498753,3404130.000507175,3542044.423034407,3686665.347731302,,,,,,,,,,,,,,,,,,,,,,,
,,Net Regular Debt Service ,544261.81,695538.13,683491.3600000001,610273.8399999999,482721.54000000004,324267.85,451523.46,438288.03,384459.98,275936.51,259413.32,93754.86,96775.76,94646.38,97516.55,,,,,,,,,,,,,,,,,,,,,,,,,,,,,,,,,,,,,,,,,,,,
,,Additional Regular Debt,,,,,,,,,,,,,,,,,,,,,,,,,,,,,,,,,,,,,,,,,,,,,,,,,,,,,,,,,,,
,,Total Regular Debt,544261.81,695538.13,683491.3600000001,610273.8399999999,482721.54000000004,324267.85,451523.46,438288.03,384459.98,275936.51,259413.32,93754.86,96775.76,94646.38,97516.55,0,0,0,0,0,0,0,0,0,0,0,0,0,0,0,0,0,0,0,0,0,,,,,,,,,,,,,,,,,,,,,,,
,,% of Net Regular Debt to Levy (cap of 4% per Policy),0.02591240671171228,0.029566868355088684,0.027593827892650746,0.023610512818252914,0.01791759258663724,0.011558535170606172,0.015627901113718243,0.014630826915995496,0.01245449320177903,0.008781489160687595,0.007628575104450092,0.002659683370052666,0.002590564152523402,0.0024199624828662347,0.002402740771623851,0,0,0,0,0,0,0,0,0,0,0,0,0,0,0,0,0,0,0,0,0,,,,,,,,,,,,,,,,,,,,,,,
,,Max Net Excludable Debt (11%),2310429.8943,2587666.4847,2724669.0779,2843230.1711000004,2963532.5808,3085984.77,3178135.07,3295212.47,3395609.69,3456477.09,3740602.25,3877542.2353359996,4109272.33345318,4302174.878210904,4464410.2379594045,4626221.880773292,4805046.069317925,4989706.136177141,5170064.390505817,5374309.586907161,5587444.417472644,5810368.2617288055,6212018.1504424345,6632917.455108109,6882667.0543143265,7145626.72670641,7418327.405604586,7704455.296574651,7998681.174592981,8302266.239072258,8456757.212112047,8648863.188312994,8997173.855587156,9361357.50139473,9740622.16334462,10138329.70626108,,,,,,,,,,,,,,,,,,,,,,,
,,% of Excludable Debt to Total Levy (cap of 11% per Policy),0.04886997951271272,0.10605431029177483,0.10960862220750056,0.10575695128603228,0.10606484789013121,0.10505818212446978,0.09859658356181822,0.09431729906023328,0.0917,0.07885121749787151,0.0706758838098865,0.06566359682164417,0.08114718201696411,0.08531009788998348,0.08135245657128666,0.07607307411316237,0.07291918223996058,0.06955383353815993,0.06411747803542701,0.06169144234037356,0.059397322855180755,0.057314479696632954,0.08105641984716132,0.10305040057990458,0.0991200103929945,0.09565436903731589,0.09213799137334473,0.08896519579403947,0.08544550044081164,0.08170464072528456,0.06043625074104617,0.04253665591402987,0.040762519317821544,0.03917456688369183,0.03761755455715242,0.03635061591263775,,,,,,,,,,,,,,,,,,,,,,,
,,Max Aggregate Debt (14%),2940547.1382,3293393.7078000004,3467760.6446,3618656.5814000005,3771768.7392000007,3927616.9800000004,4044899.18,4193906.7800000003,4321685.0600000005,4399152.66,4760766.5,4935053.754064,5229982.969849502,5475495.299541151,5681976.666493788,5887918.757347826,6115513.179131905,6350535.082407271,6580081.951552858,6840030.3833363885,7111292.894965184,7395014.151291208,7906204.918744917,8441894.942864867,8759758.069127325,9094434.01580816,9441507.607133111,9805670.377458649,10180139.676754704,10566520.667910147,10763145.54268806,11007644.057852903,11450948.543474564,11914455.001775112,12397155.480620425,12903328.717059558,,,,,,,,,,,,,,,,,,,,,,,
,,% of Aggregate Debt Service Costs to Total Levy (cap of 14% per Policy),0.074782386224425,0.13562117864686352,0.1372024501001513,0.1293674641042852,0.12398244047676844,0.11661671729507596,0.11422448467553646,0.10894812597622879,0.10398449469614984,0.0876327066585591,0.07830445891433659,0.06832328019169684,0.08373774616948751,0.08773006037284971,0.08375519734291051,0.07607307411316237,0.07291918223996058,0.06955383353815993,0.06411747803542701,0.06169144234037356,0.059397322855180755,0.057314479696632954,0.08105641984716132,0.10305040057990458,0.0991200103929945,0.09565436903731589,0.09213799137334473,0.08896519579403947,0.08544550044081164,0.08170464072528456,0.06043625074104617,0.04253665591402987,0.040762519317821544,0.03917456688369183,0.03761755455715242,0.03635061591263775,,,,,,,,,,,,,,,,,,,,,,,
,,Remaining Regular Debt Capacity,295894.5151999999,245431.50080000004,307297.39559999993,423628.0404000003,594926.6712,797908.43,704162.02,759971.05,850307.1799999999,980964.25,1100805.68,1316260.498304,1397505.088528429,1469780.848440329,1525905.3547125107,1682262.5020993787,1747289.4797519725,1814438.5949735057,1880023.4147293877,1954294.3952389678,2031797.9699900523,2112861.1860832023,2258915.691069976,2411969.983675676,2502788.0197506645,2598409.718802331,2697573.6020380314,2801620.107845328,2908611.3362156297,3019005.9051171844,3075184.4407680174,3145041.1593865436,3271699.5838498753,3404130.000507175,3542044.423034407,3686665.347731302,,,,,,,,,,,,,,,,,,,,,,,
,,Remaining Excludable Debt Capacity,1283969.3342999998,92819.35470000003,9694.317899999674,109672.40110000083,106017.74080000026,138639.77000000002,329469.06999999983,469798.4700000002,570153.69,978773.21,1337235.25,1562875.2353359996,1077855.3334531798,965638.8782109041,1162676.2379594045,1426849.880773292,1619773.0693179248,1834677.1361771412,2156505.390505817,2360228.5869071614,2570360.417472644,2782929.772939568,1634527.6840747213,419055.6299960008,680757.6910856273,931895.6728947507,1204602.073766021,1473288.2607002119,1785487.3943239227,2135596.4184444547,3810441.7636815533,5304374.847505819,5663105.918367425,6027474.541753475,6409545.930160763,6788015.804915788,,,,,,,,,,,,,,,,,,,,,,,
,,Remaining Aggregate Debt Capacity,1369824.7681999998,103008.44780000066,69294.52459999966,274824.9714000011,431532.35920000076,656004.1300000004,744709.7200000002,930204.75,1111769.0800000005,1645512.2700000005,2097986.1799999997,2526631.894064,2101790.209849502,2044312.9195411513,2282726.1164937885,2688546.757347826,2930240.1791319046,3195506.0824072706,3566522.9515528576,3825949.3833363885,4094208.894965184,4367575.66250197,3328714.452377204,2228033.117752759,2557848.705898626,2880702.9619965004,3227782.275294546,3574503.3415842094,3966945.8964856453,4399850.8472823445,6116830.094257567,7663155.717045728,8116880.606254833,8580572.042133857,9066079.247436568,9553014.815714266,,,,,,,,,,,,,,,,,,,,,,,
,,Policy (Aggregate),0.14,0.14,0.14,0.14,0.14,0.14,0.14,0.14,0.14,0.14,0.14,0.14,0.14,0.14,0.14,0.14,0.14,0.14,0.14,0.14,0.14,0.14,0.14,0.14,0.14,0.14,0.14,0.14,0.14,0.14,0.14,0.14,0.14,0.14,0.14,0.14,,,,,,,,,,,,,,,,,,,,,,,
,,Policy (Excludable Debt),0.11,0.11,0.11,0.11,0.11,0.11,0.11,0.11,0.11,0.11,0.11,0.11,0.11,0.11,0.11,0.11,0.11,0.11,0.11,0.11,0.11,0.11,0.11,0.11,0.11,0.11,0.11,0.11,0.11,0.11,0.11,0.11,0.11,0.11,0.11,0.11,,,,,,,,,,,,,,,,,,,,,,,
,,Policy (Regular),0.04,0.04,0.04,0.04,0.04,0.04,0.04,0.04,0.04,0.04,0.04,0.04,0.04,0.04,0.04,0.04,0.04,0.04,0.04,0.04,0.04,0.04,0.04,0.04,0.04,0.04,0.04,0.04,0.04,0.04,0.04,0.04,0.04,0.04,0.04,0.04,,,,,,,,,,,,,,,,,,,,,,,
===SHEET Debt Service_Marsh-Munic===
,,Year,2025,2026,2027,2028,2029,2030,2031,2032,2033,2034,2035,2036,2037,2038,2039,2040,2041,2042,2043,2044,2045,2046,2047,2048,2049,2050
,,,Principal and Interest,,,,,,,,,,,,,,,,,,,,,,,,,
,,Outstanding Excludable Debt,2403367,2301192,2289917,2258067,2224653,2119403,2108323,2076823,1940003,1935900,1940365,1795921,1803194,1799038,1798575,1801631,1801225,1804119,1800150,1798140,1319215,,,,,
,,THES Project (20yr $15mil - 50% MSBA),,,,,,,,,,,,,,,,,,,,,,,,,,
,,Marshall Park - 18 yr Full Value,,13475,741500,1078469,1077081,1079969,1076950,1078206,1073556,1078181,1076719,1079350,1075894,1076531,1076081,1079544,1076738,1077844,1077681,1036250,,,,,,
,,Town Hall Ritter - 20 years,,61697,688625,1601052,1601438,1601625,1600688,1603625,1600250,1600750,1604938,1602625,1604000,1603875,1602250,1604125,1604313,1602813,1604625,1604563,1602625,1603813,1602938,1602939,1602940,1602941
,,Total Excluded Debt,2403367,2376364,3720042,4937588,4903172,4800997,4785961,4758654,4613809,4614831,4622022,4477896,4483088,4479444,4476906,4485300,4482276,4484776,4482456,4438953,2921840,1603813,1602938,1602939,1602940,1602941
,,Levy Limit w/o Debt Exclusions,31602108,32787187.050000004,34016706.564375006,35292333.060539074,36615795.55030929,37988887.883445896,39413471.17907512,40891476.34829044,42424906.711351335,44015840.713027015,45666434.73976553,47378926.04250675,49155635.769100755,50998972.110442035,52911433.564583614,54895612.3232555,56954197.785377584,59089980.20232925,61305854.4599166,63604824.00216348,65990004.90224461,68464630.0860788,71032053.71430676,73695755.72859326,76459346.56841551,79326572.06473109
,,Levy Limit w/ Debt Exclusions,35005838,35163551.050000004,37736748.564375006,40229921.060539074,41518967.55030929,42789884.883445896,44199432.17907512,45650130.34829044,47038715.711351335,48630671.713027015,50288456.73976553,51856822.04250675,53638723.769100755,55478416.110442035,57388339.564583614,59380912.3232555,61436473.785377584,63574756.20232925,65788310.4599166,68043777.00216347,68911844.90224461,70068443.0860788,72634991.71430676,75298694.72859326,78062286.56841551,80929513.06473109
,,Max Net Regular Debt,1400233.52,1406542.0420000001,1509469.9425750002,1609196.842421563,1660758.7020123717,1711595.395337836,1767977.287163005,1826005.2139316178,1881548.6284540535,1945226.8685210806,2011538.2695906213,2074272.8817002699,2145548.95076403,2219136.6444176813,2295533.5825833445,2375236.49293022,2457458.9514151034,2542990.24809317,2631532.418396664,2721751.080086539,2756473.7960897847,2802737.723443152,2905399.6685722703,3011947.7891437304,3122491.4627366206,3237180.522589244
,,Net Regular Debt Service ,216523.38,148739.74,155539.25,152239.06,153939.01,55237.5,54037.5,58137.5,186187.5,171350,155612.5,144375,127375,109675,91275,77125,61706.26,55387.5,53868.76,57350,55600,58850,56925,56926,56927,56928
,,% of Net Regular Debt to Levy (cap of 4% per Policy),0.006185350569239337,0.004229940821065055,0.0041216918764123535,0.0037842246762280875,0.003707679142393637,0.001290900878804881,0.0012225835793787056,0.0012735451039555946,0.003958175668369054,0.0035234964676438833,0.003094398000822913,0.0027841081329985206,0.0023746836436361286,0.001976894938414747,0.0015904798900355196,0.0012988180373543256,0.0010043913036995725,0.0008712184412273172,0.0008188196295574588,0.0008428397500358709,0.0008068279129498241,0.0008398930732298849,0.000783713175378357,0.0007560024805899248,0.0007292509930529376,0.0007034269433261807
,,Max Net Excludable Debt (11%),3850642.18,3867990.6155000003,4151042.3420812506,4425291.316659298,4567086.430534022,4706887.337179049,4861937.539698264,5021514.338311949,5174258.7282486465,5349373.888432972,5531730.241374209,5704250.424675742,5900259.614601083,6102625.772148624,6312717.352104197,6531900.355558105,6758012.116391534,6993223.182256217,7236714.150590826,7484815.4702379815,7580302.939246908,7707528.739468668,7989849.088573744,8282856.420145258,8586851.522525705,8902246.43712042
,,% of Excludable Debt to Total Levy (cap of 11% per Policy),0.06865617672115149,0.06758031908156784,0.09857876318236564,0.1227342204467611,0.11809474775736503,0.11219934367847201,0.10828105167979438,0.10424184911836089,0.0980853522513711,0.09489548133804196,0.09191019768051745,0.08635114578231373,0.08357931891329856,0.08074210321871263,0.07801072541856321,0.07553437332830285,0.0729578981967357,0.07054334562805113,0.06813453588736047,0.06523672252730565,0.04239967750311716,0.02288923414538728,0.022068399295821394,0.02128773952560049,0.020534115389960403,0.01980663097179264
,,Max Aggregate Debt (14%),4900817.32,4922897.147000001,5283144.799012502,5632188.948475471,5812655.457043301,5990583.883682426,6187920.505070518,6391018.248760663,6585420.199589187,6808294.039823783,7040383.943567175,7259955.0859509455,7509421.327674107,7766978.255461886,8034367.539041706,8313327.725255771,8601106.329952862,8900465.868326096,9210363.464388324,9526128.780302886,9647658.286314247,9809582.032051032,10168898.840002947,10541817.262003057,10928720.119578172,11330131.829062354
,,% of Aggregate Debt Service Costs to Total Levy (cap of 14% per Policy),0.07484152729039081,0.0718102599026329,0.10270045505877799,0.12651844512298918,0.12180242689975866,0.11349024455727688,0.10950363525917309,0.10551539422231648,0.10204352791974015,0.09841897780568584,0.09500459568134036,0.08913525391531225,0.0859540025569347,0.08271899815712737,0.07960120530859874,0.07683319136565717,0.07396228950043528,0.07141456406927846,0.06895335551691793,0.06607956227734152,0.043206505416066986,0.023729127218617165,0.02285211247119975,0.022043742006190414,0.02126336638301334,0.020510057915118823
,,Remaining Excludable Debt Capacity,2497450.3200000003,2546533.147000001,1563102.7990125017,694600.9484754708,909483.4570433013,1189586.883682426,1401959.5050705178,1632364.248760663,1971611.1995891873,2193463.0398237826,2418361.9435671754,2782059.0859509455,3026333.3276741067,3287534.2554618856,3557461.5390417064,3828027.7252557706,4118830.329952862,4415689.868326096,4727907.464388324,5087175.780302886,6725818.286314247,8205769.032051032,8565960.840002947,8938878.262003057,9325780.119578172,9727190.829062354
,,Policy (Aggregate),0.14,0.14,0.14,0.14,0.14,0.14,0.14,0.14,0.14,0.14,0.14,0.14,0.14,0.14,0.14,0.14,0.14,0.14,0.14,0.14,0.14,0.14,0.14,0.14,0.14,0.14
,,Policy (Excludable Debt),0.11,0.11,0.11,0.11,0.11,0.11,0.11,0.11,0.11,0.11,0.11,0.11,0.11,0.11,0.11,0.11,0.11,0.11,0.11,0.11,0.11,0.11,0.11,0.11,0.11,0.11
,,Policy (Regular),0.04,0.04,0.04,0.04,0.04,0.04,0.04,0.04,0.04,0.04,0.04,0.04,0.04,0.04,0.04,0.04,0.04,0.04,0.04,0.04,0.04,0.04,0.04,0.04,0.04,0.04
===SHEET Debt Service_no_reg_debt info===
,,,2025,2026,2027,2028,2029,2030,2031,2032,2033,2034,2035,2036,2037,2038,2039,2040,2041,2042,2043,2044,2045,2046,2047
,,,Principal and Interest,,,,,,,,,,,,,,,,,,,,,,
,,Outstanding Excludable Debt,2403367,2301192,2289917,2258067,2224653,2119403,2108323,2076823,1940003,1935900,1940365,1795921,1803194,1799038,1798575,1801631,1801225,1804119,1800150,1798140,1319215,,
,,Marshall Park - 18 yr Full Value,,13475,741500,1078469,1077081,1079969,1076950,1078206,1073556,1078181,1076719,1079350,1075894,1076531,1076081,1079544,1076738,1077844,1077681,1036250,,,
,,Town Hall Ritter - 20 years,,61697,688625,1601052,1601438,1601625,1600688,1603625,1600250,1600750,1604938,1602625,1604000,1603875,1602250,1604125,1604313,1602813,1604625,1604563,1602625,1603813,1602938
,,Total Excluded Debt,2403367,2376364,3720042,4937588,4903172,4800997,4785961,4758654,4613809,4614831,4622022,4477896,4483088,4479444,4476906,4485300,4482276,4484776,4482456,4438953,2921840,1603813,1602938
,,Excludable Debt as Percentage of Levy w/ Debt Exclusion,0.06865617672115149,0.06757912272901974,0.09857707608978591,0.1227321762399962,0.11809277042152745,0.11219745249503649,0.10827921848630935,0.10424007631450859,0.09808367268427835,0.09489385064581703,0.09190861307848494,0.0863496479090034,0.08357786472264056,0.08074069404333882,0.07800935986801613,0.07553304757422037,0.07295661409531683,0.07054210079036513,0.06813333044060498,0.06523556476003918,0.042398906645552646,0.02288880952367148,0.022067989557628884
,,Levy Limit w/o Debt Exclusions,31602708,32787809.550000004,34017352.408125006,35293003.12342969,36616490.74055831,37989609.14332925,39414219.486204095,40892252.71693675,42425712.193821885,44016676.40109021,45667301.766131096,47379825.58236101,49156569.04169956,50999940.3807633,52912438.14504193,54896654.575481005,56955279.12206155,59091102.089138865,61307018.41748158,63606031.608137146,65991257.793442294,68465929.96069638,71033402.33422251
,,Levy Limit w/ Debt Exclusions,35005838,35164173.550000004,37737394.408125006,40230591.12342969,41519662.74055831,42790606.14332925,44200180.486204095,45650906.71693675,47039521.193821885,48631507.40109021,50289323.766131096,51857721.58236101,53639657.04169956,55479384.3807633,57389344.14504193,59381954.575481005,61437555.12206155,63575878.089138865,65789474.41748158,68044984.60813715,68913097.7934423,70069742.96069638,72636340.33422251
,,Max Net Regular Debt,1400233.52,1406566.9420000003,1509495.7763250002,1609223.6449371877,1660786.5096223324,1711624.2457331698,1768007.2194481639,1826036.26867747,1881580.8477528754,1945260.2960436086,2011572.9506452437,2074308.8632944406,2145586.281667982,2219175.375230532,2295573.765801677,2375278.1830192404,2457502.204882462,2543035.1235655546,2631578.9766992633,2721799.3843254857,2756523.9117376916,2802789.7184278555,2905453.6133689005
,,Max Net Excludable Debt (11%),3850642.18,3868059.0905000004,4151113.384893751,4425365.023577266,4567162.901461414,4706966.6757662175,4862019.85348245,5021599.738863043,5174347.331320408,5349465.814119923,5531825.614274421,5704349.374059712,5900362.274586951,6102732.281883963,6312827.855954612,6532015.00330291,6758131.06342677,6993346.589805275,7236842.185922974,7484948.306895086,7580440.757278652,7707671.725676603,7989997.436764476
,,Max Aggregate Debt (14%),4900817.32,4922984.297000001,5283235.217137502,5632282.757280158,5812752.783678164,5990684.860066095,6188025.268068574,6391126.9403711455,6585532.967135064,6808411.03615263,7040505.327258354,7260081.0215305425,7509551.985837939,7767113.8133068625,8034508.18030587,8313473.640567342,8601257.717088617,8900622.932479441,9210526.418447422,9526297.845139202,9647833.691081923,9809764.014497494,10169087.646791153
,,Remaining Max Aggregate Debt (14%),2497450.3200000003,2546620.297000001,1563193.2171375016,694694.7572801579,909580.7836781638,1189687.8600660954,1402064.2680685744,1632472.9403711455,1971723.9671350643,2193580.03615263,2418483.327258354,2782185.0215305425,3026463.985837939,3287669.8133068625,3557602.1803058702,3828173.640567342,4118981.7170886174,4415846.932479441,4728070.418447422,5087344.845139202,6725993.6910819225,8205951.014497494,8566149.646791153
===SHEET DS - All Projects===
,,,2025,2026,2027,2028,2029,2030,2031,2032,2033,2034,2035,2036,2037,2038,2039,2040,2041,2042,2043,2044,2045,2046,2047
,,,Principal and Interest,,,,,,,,,,,,,,,,,,,,,,
,,Outstanding Excludable Debt,2403367,2301192,2289917,2258067,2224653,2119403,2108323,2076823,1940003,1935900,1940365,1795921,1803194,1799038,1798575,1801631,1801225,1804119,1800150,1798140,1319215,,
,,Marshall Park - 18 yr Full Value,,13475,741500,1078469,1077081,1079969,1076950,1078206,1073556,1078181,1076719,1079350,1075894,1076531,1076081,1079544,1076738,1077844,1077681,1036250,,,
,,Town Hall Ritter - 20 years,,61697,688625,1601052,1601438,1601625,1600688,1603625,1600250,1600750,1604938,1602625,1604000,1603875,1602250,1604125,1604313,1602813,1604625,1604563,1602625,1603813,1602938
,,Total Excluded Debt,2403367,2376364,3720042,4937588,4903172,4800997,4785961,4758654,4613809,4614831,4622022,4477896,4483088,4479444,4476906,4485300,4482276,4484776,4482456,4438953,2921840,1603813,1602938
,,Levy Limit w/o Debt Exclusions,31602108,32787187.050000004,34016706.564375006,35292333.060539074,36615795.55030929,37988887.883445896,39413471.17907512,40891476.34829044,42424906.711351335,44015840.713027015,45666434.73976553,47378926.04250675,49155635.769100755,50998972.110442035,52911433.564583614,54895612.3232555,56954197.785377584,59089980.20232925,61305854.4599166,63604824.00216348,65990004.90224461,68464630.0860788,71032053.71430676
,,Levy Limit w/ Debt Exclusions,35005838,35163551.050000004,37736748.564375006,40229921.060539074,41518967.55030929,42789884.883445896,44199432.17907512,45650130.34829044,47038715.711351335,48630671.713027015,50288456.73976553,51856822.04250675,53638723.769100755,55478416.110442035,57388339.564583614,59380912.3232555,61436473.785377584,63574756.20232925,65788310.4599166,68043777.00216347,68911844.90224461,70068443.0860788,72634991.71430676
,,Max Net Regular Debt,1400233.52,1406542.0420000001,1509469.9425750002,1609196.842421563,1660758.7020123717,1711595.395337836,1767977.287163005,1826005.2139316178,1881548.6284540535,1945226.8685210806,2011538.2695906213,2074272.8817002699,2145548.95076403,2219136.6444176813,2295533.5825833445,2375236.49293022,2457458.9514151034,2542990.24809317,2631532.418396664,2721751.080086539,2756473.7960897847,2802737.723443152,2905399.6685722703
,,Net Regular Debt Service ,216523.38,148739.74,155539.25,152239.06,153939.01,55237.5,54037.5,58137.5,186187.5,171350,155612.5,144375,127375,109675,91275,77125,61706.26,55387.5,53868.76,57350,55600,58850,56925
,,% of Net Regular Debt to Levy (cap of 4% per Policy),0.006185350569239337,0.004229940821065055,0.0041216918764123535,0.0037842246762280875,0.003707679142393637,0.001290900878804881,0.0012225835793787056,0.0012735451039555946,0.003958175668369054,0.0035234964676438833,0.003094398000822913,0.0027841081329985206,0.0023746836436361286,0.001976894938414747,0.0015904798900355196,0.0012988180373543256,0.0010043913036995725,0.0008712184412273172,0.0008188196295574588,0.0008428397500358709,0.0008068279129498241,0.0008398930732298849,0.000783713175378357
,,Max Net Excludable Debt (11%),3850642.18,3867990.6155000003,4151042.3420812506,4425291.316659298,4567086.430534022,4706887.337179049,4861937.539698264,5021514.338311949,5174258.7282486465,5349373.888432972,5531730.241374209,5704250.424675742,5900259.614601083,6102625.772148624,6312717.352104197,6531900.355558105,6758012.116391534,6993223.182256217,7236714.150590826,7484815.4702379815,7580302.939246908,7707528.739468668,7989849.088573744
,,% of Excludable Debt to Total Levy (cap of 11% per Policy),0.06865617672115149,0.06758031908156784,0.09857876318236564,0.1227342204467611,0.11809474775736503,0.11219934367847201,0.10828105167979438,0.10424184911836089,0.0980853522513711,0.09489548133804196,0.09191019768051745,0.08635114578231373,0.08357931891329856,0.08074210321871263,0.07801072541856321,0.07553437332830285,0.0729578981967357,0.07054334562805113,0.06813453588736047,0.06523672252730565,0.04239967750311716,0.02288923414538728,0.022068399295821394
,,Max Aggregate Debt (14%),4900817.32,4922897.147000001,5283144.799012502,5632188.948475471,5812655.457043301,5990583.883682426,6187920.505070518,6391018.248760663,6585420.199589187,6808294.039823783,7040383.943567175,7259955.0859509455,7509421.327674107,7766978.255461886,8034367.539041706,8313327.725255771,8601106.329952862,8900465.868326096,9210363.464388324,9526128.780302886,9647658.286314247,9809582.032051032,10168898.840002947
,,% of Aggregate Debt Service Costs to Total Levy (cap of 14% per Policy),0.07484152729039081,0.0718102599026329,0.10270045505877799,0.12651844512298918,0.12180242689975866,0.11349024455727688,0.10950363525917309,0.10551539422231648,0.10204352791974015,0.09841897780568584,0.09500459568134036,0.08913525391531225,0.0859540025569347,0.08271899815712737,0.07960120530859874,0.07683319136565717,0.07396228950043528,0.07141456406927846,0.06895335551691793,0.06607956227734152,0.043206505416066986,0.023729127218617165,0.02285211247119975
,,Remaining Debt Capacity,2497450.3200000003,2546533.147000001,1563102.7990125017,694600.9484754708,909483.4570433013,1189586.883682426,1401959.5050705178,1632364.248760663,1971611.1995891873,2193463.0398237826,2418361.9435671754,2782059.0859509455,3026333.3276741067,3287534.2554618856,3557461.5390417064,3828027.7252557706,4118830.329952862,4415689.868326096,4727907.464388324,5087175.780302886,6725818.286314247,8205769.032051032,8565960.840002947
,,,,,,,,,,,,,,,1075894,231,,,,,,,,,
,,,,,,,,,,,,,,,1604000,344.3870864601903,575.3870864601903,,,,,,,,
===SHEET DS - Marshall Only===
,,,2025,2026,2027,2028,2029,2030,2031,2032,2033,2034,2035,2036,2037,2038,2039,2040,2041,2042,2043,2044,2045,2046,2047
,,,Principal and Interest,,,,,,,,,,,,,,,,,,,,,,
,,Outstanding Excludable Debt,2403367,2301192,2289917,2258067,2224653,2119403,2108323,2076823,1940003,1935900,1940365,1795921,1803194,1799038,1798575,1801631,1801225,1804119,1800150,1798140,1319215,,
,,Marshall Park - 18 yr Full Value,,13475,741500,1078469,1077081,1079969,1076950,1078206,1073556,1078181,1076719,1079350,1075894,1076531,1076081,1079544,1076738,1077844,1077681,1036250,,,
,,Total Excluded Debt,2403367,2314667,3031417,3336536,3301734,3199372,3185273,3155029,3013559,3014081,3017084,2875271,2879088,2875569,2874656,2881175,2877963,2881963,2877831,2834390,1319215,0,0
,,Levy Limit w/o Debt Exclusions,31602108,32787187.050000004,34016706.564375006,35292333.060539074,36615795.55030929,37988887.883445896,39413471.17907512,40891476.34829044,42424906.711351335,44015840.713027015,45666434.73976553,47378926.04250675,49155635.769100755,50998972.110442035,52911433.564583614,54895612.3232555,56954197.785377584,59089980.20232925,61305854.4599166,63604824.00216348,65990004.90224461,68464630.0860788,71032053.71430676
,,Levy Limit w/ Debt Exclusions,35005838,35101854.050000004,37048123.564375006,38628869.060539074,39917529.55030929,41188259.883445896,42598744.17907512,44046505.34829044,45438465.711351335,47029921.713027015,48683518.73976553,50254197.04250675,52034723.769100755,53874541.110442035,55786089.564583614,57776787.3232555,59832160.785377584,61971943.20232925,64183685.4599166,66439214.00216348,67309219.90224461,68464630.0860788,71032053.71430676
,,Max Net Regular Debt,1400233.52,1404074.1620000002,1481924.9425750002,1545154.762421563,1596701.1820123717,1647530.395337836,1703949.767163005,1761860.2139316178,1817538.6284540535,1881196.8685210806,1947340.7495906213,2010167.8817002699,2081388.9507640302,2154981.6444176813,2231443.5825833445,2311071.49293022,2393286.4314151034,2478877.72809317,2567347.418396664,2657568.560086539,2692368.7960897847,2738585.203443152,2841282.1485722703
,,Net Regular Debt Service ,216523.38,148739.74,155539.25,152239.06,153939.01,55237.5,54037.5,58137.5,186187.5,171350,155612.5,144375,127375,109675,91275,77125,61706.26,55387.5,53868.76,57350,55600,58850,56925
,,% of Net Regular Debt to Levy (cap of 4% per Policy),0.006185350569239337,0.004237375603810875,0.004198303045759773,0.003941069560214442,0.003856426280238258,0.001341098171088327,0.0012685233107539281,0.001319911751006972,0.00409757453481725,0.0036434251591054008,0.0031964102847991767,0.0028728943749291745,0.002447884619609296,0.0020357481983033104,0.0016361605682063598,0.0013348786523641948,0.001031322606270981,0.0008937512225357851,0.0008392905395506093,0.0008631950401781168,0.0008260383953453881,0.0008595679247227281,0.0008013987632816336
,,Max Net Excludable Debt (11%),3850642.18,3861203.9455000004,4075293.5920812506,4249175.596659298,4390928.250534022,4530708.587179049,4685861.859698263,4845115.588311949,4998231.2282486465,5173291.388432972,5355187.061374209,5527961.674675742,5723819.614601083,5926199.522148624,6136469.852104197,6355446.605558105,6581537.686391534,6816913.752256217,7060205.400590826,7308313.540237983,7404014.189246908,7531109.309468667,7813525.908573743
,,% of Excludable Debt to Total Levy (cap of 11% per Policy),0.06865617672115149,0.06594144562002131,0.08182376618164196,0.0863741569749554,0.08271388628493963,0.07767679452964386,0.0747738709528586,0.0716294964845027,0.06632175961097998,0.06408858212419939,0.061973416837998486,0.05721454463928646,0.05533012941080816,0.05337528525960202,0.051529978574174976,0.04986734523468926,0.04810060278991875,0.04650431874615931,0.04483742214830023,0.04266140174246647,0.01959932089416486,0,0
,,Max Aggregate Debt (14%),4900817.32,4914259.567000001,5186737.299012502,5408041.6684754705,5588454.137043302,5766356.383682426,5963824.1850705175,6166510.748760663,6361385.199589187,6584189.039823783,6815692.623567175,7035587.5859509455,7284861.327674107,7542435.755461886,7810052.539041706,8088750.225255771,8376502.509952863,8676072.048326096,8985715.964388324,9301489.960302887,9423290.786314247,9585048.212051032,9944487.520002946
,,% of Aggregate Debt Service Costs to Total Levy (cap of 14% per Policy),0.07484152729039081,0.07017882122383219,0.08602206922740173,0.09031522653516985,0.08657031256517787,0.07901789270073219,0.07604239426361253,0.07294940823550967,0.07041933414579724,0.0677320072833048,0.06516982712279766,0.060087439014215635,0.057778014030417456,0.05541103345790534,0.05316613914238134,0.05120222388705346,0.04913192539618972,0.04739806996869509,0.04567671268785083,0.043524596782644594,0.020425359289510246,0.0008595679247227281,0.0008013987632816336
,,Remaining Debt Capacity,2497450.3200000003,2599592.5670000007,2155320.2990125017,2071505.6684754705,2286720.137043302,2566984.383682426,2778551.1850705175,3011481.748760663,3347826.1995891873,3570108.0398237826,3798608.623567175,4160316.5859509455,4405773.327674107,4666866.755461886,4935396.539041706,5207575.225255771,5498539.509952863,5794109.048326096,6107884.964388324,6467099.9603028875,8104075.786314247,9585048.212051032,9944487.520002946
===SHEET DS - Town Hall Only===
,,,2025,2026,2027,2028,2029,2030,2031,2032,2033,2034,2035,2036,2037,2038,2039,2040,2041,2042,2043,2044,2045,2046,2047
,,,Principal and Interest,,,,,,,,,,,,,,,,,,,,,,
,,Outstanding Excludable Debt,2403367,2301192,2289917,2258067,2224653,2119403,2108323,2076823,1940003,1935900,1940365,1795921,1803194,1799038,1798575,1801631,1801225,1804119,1800150,1798140,1319215,,
,,Town Hall Ritter - 20 years,,61697,688625,1601052,1601438,1601625,1600688,1603625,1600250,1600750,1604938,1602625,1604000,1603875,1602250,1604125,1604313,1602813,1604625,1604563,1602625,1603813,1602938
,,Total Excluded Debt,2403367,2362889,2978542,3859119,3826091,3721028,3709011,3680448,3540253,3536650,3545303,3398546,3407194,3402913,3400825,3405756,3405538,3406932,3404775,3402703,2921840,1603813,1602938
,,Levy Limit w/o Debt Exclusions,31602108,32787187.050000004,34016706.564375006,35292333.060539074,36615795.55030929,37988887.883445896,39413471.17907512,40891476.34829044,42424906.711351335,44015840.713027015,45666434.73976553,47378926.04250675,49155635.769100755,50998972.110442035,52911433.564583614,54895612.3232555,56954197.785377584,59089980.20232925,61305854.4599166,63604824.00216348,65990004.90224461,68464630.0860788,71032053.71430676
,,Levy Limit w/ Debt Exclusions,35005838,35150076.050000004,36995248.564375006,39151452.060539074,40441886.55030929,41709915.883445896,43122482.17907512,44571924.34829044,45965159.711351335,47552490.713027015,49211737.73976553,50777472.04250675,52562829.769100755,54401885.110442035,56312258.564583614,58301368.3232555,60359735.785377584,62496912.20232925,64710629.4599166,67007527.00216348,68911844.90224461,70068443.0860788,72634991.71430676
,,Max Net Regular Debt,1400233.52,1406003.0420000001,1479809.9425750002,1566058.082421563,1617675.4620123717,1668396.6353378359,1724899.287163005,1782876.9739316178,1838606.3884540536,1902099.6285210806,1968469.5095906213,2031098.8817002699,2102513.1907640304,2176075.4044176815,2252490.342583345,2332054.73293022,2414389.4314151034,2499876.48809317,2588425.178396664,2680301.080086539,2756473.7960897847,2802737.723443152,2905399.6685722703
,,Net Regular Debt Service ,216523.38,148739.74,155539.25,152239.06,153939.01,55237.5,54037.5,58137.5,186187.5,171350,155612.5,144375,127375,109675,91275,77125,61706.26,55387.5,53868.76,57350,55600,58850,56925
,,% of Net Regular Debt to Levy (cap of 4% per Policy),0.006185350569239337,0.0042315623951544755,0.004204303418298378,0.003888465228942107,0.0038064250491505005,0.0013243253751543292,0.0012531166405402635,0.001304352478607531,0.004050622279335191,0.0036033864352989324,0.003162101302394314,0.002843288454359072,0.002423290385231083,0.0020160146983389865,0.0016208726541365444,0.0013228677511027823,0.0010223083185686942,0.000886243784663904,0.0008324561273718976,0.0008558739975308795,0.0008068279129498241,0.0008398930732298849,0.000783713175378357
,,Max Net Excludable Debt (11%),3850642.18,3866508.3655000003,4069477.3420812506,4306659.726659298,4448607.520534023,4588090.747179049,4743473.039698264,4902911.678311949,5056167.568248647,5230773.978432972,5413291.151374209,5585521.924675742,5781911.274601083,5984207.362148624,6194348.442104198,6413150.515558105,6639570.936391534,6874660.342256217,7118169.240590826,7370827.970237982,7580302.939246908,7707528.739468668,7989849.088573744
,,% of Excludable Debt to Total Levy (cap of 11% per Policy),0.06865617672115149,0.06722287020485691,0.08051147419153229,0.09856898778703596,0.09460713449261032,0.08921207154668048,0.08601107386623888,0.0825732353676393,0.07702035677090699,0.07437360161307248,0.0720418169085547,0.06693019292403952,0.06482135788668918,0.06255138021580867,0.060392267806123404,0.05841639909918713,0.05642069097368393,0.05451360523173214,0.05261538990451335,0.050780907044818066,0.04239967750311716,0.02288923414538728,0.022068399295821394
,,Max Aggregate Debt (14%),4900817.32,4921010.647000001,5179334.799012502,5481203.288475471,5661864.117043301,5839388.223682426,6037147.505070518,6240069.408760663,6435122.359589187,6657348.699823783,6889643.283567175,7108846.0859509455,7358796.167674107,7616263.915461886,7883716.1990417065,8162191.565255771,8450363.009952862,8749567.708326096,9059488.124388324,9381053.780302888,9647658.286314247,9809582.032051032,10168898.840002947
,,% of Aggregate Debt Service Costs to Total Levy (cap of 14% per Policy),0.07484152729039081,0.0714544326000114,0.08471577760983066,0.10245745301597807,0.09841355954176083,0.09053639692183481,0.08726419050677914,0.08387758784624684,0.08107097905024219,0.07797698804837142,0.07520391821094902,0.0697734813783986,0.06724464827192027,0.06456739491414765,0.06201314046025995,0.059739266850289914,0.05744299929225262,0.055399849016396045,0.053447846031885245,0.05163678104234894,0.043206505416066986,0.023729127218617165,0.02285211247119975
,,Remaining Debt Capacity,2497450.3200000003,2558121.647000001,2200792.7990125017,1622084.2884754706,1835773.1170433015,2118360.223682426,2328136.505070518,2559621.408760663,2894869.3595891874,3120698.699823783,3344340.2835671753,3710300.0859509455,3951602.1676741065,4213350.915461886,4482891.1990417065,4756435.565255771,5044825.009952862,5342635.708326096,5654713.124388324,5978350.780302888,6725818.286314247,8205769.032051032,8565960.840002947
===SHEET Levy Data===
DOR Code,Municipality,Fiscal Year,Levy Limit w/o Debt & Capital Exclusions,Maximum Levy Limit,Total Tax Levy,Excess Levy Capacity,Excess as a % of Maximum Levy,Levy Ceiling,Override Capacity,Override Capacity as a % of Levy Ceiling,Total Assessed Value,Tax Levy as % of Assessed Value,,2.5% + New Growth + Override,,
162,Lunenburg,2014,19425844,20290863,20286118.6,4744.4,0.02,28190826,8764982,31.09,1127633052,1.8,,,,
162,Lunenburg,2015,20173974,21205099,21003908.13,201190.87,0.95,28662538,8488564,29.62,1146501536,1.83,,0.03851209759534768,,
162,Lunenburg,2016,21039179,23534027,23524240.77,9786.23,0.04,29990108,8950929,29.85,1199604323,1.96,,0.04288718722449025,,
162,Lunenburg,2017,22054802,24770959,24769718.89,1240.11,0.01,30993142,8938340,28.84,1239725670,2,,0.048272938787202735,,
162,Lunenburg,2018,23087668,25848476,25847547.01,928.99,0,32801456,9713788,29.61,1312058224,1.97,,0.0468317965402727,,
162,Lunenburg,2019,24137396,26994911,26941205.28,53705.72,0.2,36056217,11918821,33.06,1442248677,1.87,,0.04546704327175877,,
162,Lunenburg,2020,25107062,28054410,28054406.88,3.12,0,38706411,13599349,35.13,1548256450,1.81,,0.04017276760094579,,0.042231280332682086
162,Lunenburg,2021,26043471,28896250,28892137.27,4112.73,0.01,40716090,14672619,36.04,1628643589,1.77,,0.03729663789415105,,
162,Lunenburg,2022,27131063,29959876,29956477.18,3398.82,0.01,43566721,16435658,37.73,1742668830,1.72,,0.04176063935563734,,
162,Lunenburg,2023,28043723,30875656,30869178.82,6477.18,0.02,52785874,24742151,46.87,2111434940,1.46,,0.0336389326138824,,
162,Lunenburg,2024,29375036,31852740,31621880.77,230859.23,0.72,56067165,26692129,47.61,2242686580,1.41,,0.047472762443132144,,
162,Lunenburg,2025,31602108,33916006,33899749.36,16256.64,0.05,59017670,27415562,46.45,2360706780,1.44,,0.0758151241074223,,
===SHEET THES Study===
,A- Accessible Toilets and Office Modifications SKA 3-6,,734142,734142,734142
,B- Roof Replacement,,2762820,2762820,2762820
,C- New ADA Lift and Music Room Vestibule,,179709,179709,179709
,D- Windows Replacement Exterior A1.1 & A2.0,,2250681,2250681,2250681
,E- Misc. ADA Work,,316466,316466,316466
,F- Option #1 MEP Options,,1674996,,
,G- Option #2 MEP Options,,,7761783,
,H- Option # 3 MEP Options,,,,12247871
,J- Fire Protection Option,,2103602,2103602,2103602
,,,10022416,16109203,20595291
===SHEET Tax Implications===
,,Tax Implications,,,,,,,,,
,,Borrow,Avg House,Total Assessed,,,Impact,,,,Impact
,,591100,504937,2360706780,0.00021389229881400179,,126.43173782895646,,0.25039111380024925,,127
,,#REF!,504937,2360706780,0.00021389229881400179,,#REF!,,#REF!,,127
,,2099337,504937,2360706780,0.00021389229881400179,,449.03201691529006,,0.8892832510101063,,
,,2301192,504937,2360706780,0.00021389229881400179,,492.2072468923904,,0.974789423021863,,
,,175,,,,,,,,,
,,29375036,,,,,,,,,
,,734797,,,,,,,,,
,,527289,,,,,,,,,
,,16850,,,,,,,,,
,,948136,,,,,,,,,
,,31602108,,,,,,,,,
===SHEET Regular Debt===
,Year,Regular Debt
,2025,216523.38
,2026,148739.74
,2027,155539.25
,2028,152239.06
,2029,153939.01
,2030,55237.5
,2031,54037.5
,2032,58137.5
,2033,186187.5
,2034,171350
,2035,155612.5
,2036,144375
,2037,127375
,2038,109675
,2039,91275
,2040,77125
,2041,61706.26
,2042,55387.5
,2043,53868.76
,2044,57350
,2045,55600
,2046,58850
,2047,56925
,2048,56926
,2049,56927
,2050,56928
===SHEET Chapter 70===
,,Fiscal Year,Foundation Enrollment,% Change,Chapter 70 Aid,Percent Change
,,FY13,1630,0.032953105196451206,5219936.688494749,0.15420337188347477
,,FY14,1607,-0.01411042944785276,5354695.911032562,0.025816256131005435
,,FY15,1627,0.012445550715619166,5605872,0.046907628956095626
,,FY16,1647,0.012292562999385371,5834483,0.04078063145216302
,,FY17,1632,-0.009107468123861567,6351257,0.08857237222218318
,,FY18,1705,0.044730392156862746,7272505,0.1450497122065758
,,FY19,1716,0.0064516129032258064,7538072,0.03651657853793157
,,FY20,1705,-0.00641025641025641,7771740,0.030998377303904767
,,FY21,1705,0,7773938,0.0002828195487754351
,,FY22,1656,-0.02873900293255132,7823618,0.006390583511214008
,,FY23,1671,0.009057971014492754,8722228,0.11485862423242034
,,FY24,1615,-0.033512866546977854,8819128,0.011109546780937164
,,FY25,1615,0,8988960,0.019257232687857506
,,FY26,1633,0.011145510835913308,9109185,0.01337473968067493
,,,,,CAGR (FY13-FY26),0.043761080555556164
,,,,,CAGR (FY13-FY20),0.058505916003797065
,,,,,CAGR (FY21-FY26),0.014574701878806051
,,,,,CAGR (FY13-FY23),0.05267963191958969
,,(Ending Value/Beginning Value) ^ (1/No. of Periods) – 1.,,,,
,,790052,,,,
,,400000,,,,
,,1190052,,,,
,,31602108,,,,
,,0.03765736133804745,,,,
===SHEET 30 Year Amortization===
,,,Year 1,Year 2,Year 3,Year 4,Year 5,Year 6,Year 7,Year 8,Year 9,Year 10,Year 11,Year 12,Year 13,Year 14,Year 15,Year 16,Year 17,Year 18,Year 19,Year 20,Year 21,Year 22,Year 23,Year 24,Year 25,Year 26,Year 27,Year 28,Year 29,Year 30,Year 31,Year 32
,,2025,2026,2027,2028,2029,2030,2031,2032,2033,2034,2035,2036,2037,2038,2039,2040,2041,2042,2043,2044,2045,2046,2047,2048,2049,2050,2051,2052,2053,2054,2055,2056,2057
Town Hall,22300000,,61697,688625,1353526,1349050,1351200,1352500,1357950,1352338,1351088,1348988,1356038,1351813,1351738,1350600,1358400,1349713,1350175,1354363,1352063,1353488,1353425,1356875,1353625,1348888,1352663,1349525,1349688,1347938,1349275,1353488,1085363,156375
THES New Build,110000000,,304334.9775784753,3396804.932735426,6676585.650224215,6654506.726457399,6665112.107623318,6671524.66367713,6698408.071748879,6670725.560538117,6664559.641255605,6654200.896860987,6688976.68161435,6668135.874439462,6667765.919282511,6662152.466367713,6700627.802690583,6657777.130044843,6660056.053811659,6680714.349775785,6669369.058295964,6676398.206278027,6676087.443946188,6693105.381165919,6677073.991031391,6653707.623318385,6672328.699551569,6656849.775784753,6657653.811659193,6649021.524663677,6655616.591928251,6676398.206278027,5353808.520179372,771356.5022421525
