===SHEET Sheet1===
`,Object,Description,FY22 Final Budget after Recap,FY23 TM Target Budget,FY23 Requested Budget,FY23 TM Prelim Budget,FY23 Final Budget after Recap,FY24 Target Budget,FY24 Requested Budget,FY24 TM Prelim Budget,% Inc.,$ Inc.,
General Government,,,,,,,,,,,,,
122 - SELECTMEN'S ADMINISTRATION ,511000,ASSISTANT TO TOWN MANAGER,66522.61,68213.6,68213.6,68213.6,69640.48,71722.56,81968.64,81968.64,0.17702577581314782,12328.160000000003,
,511001,SALARIES ADMINISTRATIVE,54728.24,55486.08,55486.08,55486.08,56590.56,56590.56,56590.56,56590.56,0,0,
,511003,BOARD/COMMITTEE CLERK,9432.8,9432.8,9432.8,9432.8,9432.8,9432.8,5000,5000,-0.46993469595454157,-4432.799999999999,
Personnel Sub-Total:,,,130683.65000000001,133132.48,133132.48,133132.48,135663.84,137745.91999999998,143559.2,143559.2,0.05819796933361178,7895.360000000015,
,534300,PARKING CLERK,100,100,100,100,100,100,100,100,0,0,
,534400,POSTAGE,600,600,600,600,600,600,600,600,0,0,
,534500,ADVERTISING,1040,1040,1040,1040,1040,1040,1040,1040,0,0,
,540000,OFFICE SUPPLIES,2000,2000,2000,2000,2000,2000,2000,2000,0,0,
,573000,DUES/MEMBERSHIP,3000,3000,3000,3000,3000,3000,3000,3000,0,0,
,573100,MEETINGS/SCHOOL,2600,2600,2600,2600,2600,2600,2600,2600,0,0,
Expense Sub-Total:,,,9340,9340,9340,9340,9340,9340,9340,9340,0,0,
122 - SELECTMEN'S ADMINISTRATION - Total,,,140023.65000000002,142472.48,142472.48,142472.48,145003.84,147085.91999999998,152899.2,152899.2,0.054449316652579786,7895.360000000015,
126 - TOWN MANAGER ,511000,TOWN MANAGER SALARY,143052,150204,150204,150204,150204,157715,157715,157715,0.050005326089851136,7511,
,517000,RETIREMENT CONTRIBUTION,5722.08,6008.16,6008.16,6008.16,6008.16,6308.6,6308.6,6308.6,0.05000532608985122,300.4400000000005,
,519011,CELL PHONE REIMBURSEMENT,1020,1020,1020,1020,1020,1020,1020,1020,0,0,
Personnel Sub-Total:,,,149794.08,157232.16,157232.16,157232.16,157232.16,165043.6,165043.6,165043.6,0.04968093041525348,7811.440000000002,
,531003,CONTRACTED SERVICES,,,,,10000,10000,10000,10000,0,0,
,571000,MILEAGE REIMBURSEMENT,1000,1000,1000,1000,1000,1000,1000,1000,0,0,
,573000,DUES/MEMBERSHIP,2500,2500,2500,2500,2500,2500,2500,2500,0,0,
,573100,MEETINGS/SCHOOL,2500,2500,2500,2500,2500,2500,2500,2500,0,0,
Expense Sub-Total:,,,6000,6000,6000,6000,16000,16000,16000,16000,0,0,
,,,,,,,,,,,,0,
126 - TOWN MANAGER- Total,,,155794.08,163232.16,163232.16,163232.16,173232.16,181043.6,181043.6,181043.6,0.04509232004034356,7811.440000000002,
131 - FINANCE COMMITTEE ,534500,ADVERTISING,100,100,100,100,100,100,100,100,0,0,
,573000,DUES/MEMBERSHIP,200,200,200,200,200,200,200,200,0,0,
,573100,MEETINGS/SCHOOL,500,500,500,500,500,500,1000,1000,1,500,
131 - FINANCE COMMITTEE - Total,,,800,800,800,800,800,800,1300,1300,0.625,500,
135 - TOWN ACCOUNTANT ,511000,TOWN ACCOUNTANT SALARY,104900,108050,108050,108050,108050,108050,108050,108050,0,0,
,511001,SALARIES CLERICAL,115134.78,123013.12,123013.12,123013.12,126411.73,127370.88,127370.88,127370.88,0.0075875078997812056,959.1500000000087,
,514002,LONGEVITY PAY,7651.45,6999.68,6999.68,6999.68,6999.68,1629.89,1629.89,1629.89,-0.7671479267623662,-5369.79,
,519011,CELL PHONE REIMBURSEMENT,480,480,480,480,480,480,480,480,0,0,
,,RETIREMENT BUYBACK,3400.19,,,,,,,,,0,
Personnel Sub-Total:,,,231566.42,238542.8,238542.8,238542.8,241941.40999999997,237530.77000000002,237530.77000000002,237530.77000000002,-0.018230198790690506,-4410.639999999956,
,534400,POSTAGE,800,800,800,800,800,800,800,800,0,0,
,535006,CONTRACTED SERVICES,150,150,150,150,150,150,150,150,0,0,
,540000,OFFICE SUPPLIES,1400,1400,1600,1600,1600,1600,2000,2000,0.25,400,
,571000,MILEAGE REIMBURSEMENT,250,250,250,250,250,250,250,250,0,0,
,573000,DUES/MEMBERSHIP,350,350,350,350,350,350,350,350,0,0,
,573100,MEETINGS/SCHOOL,750,750,1000,1000,1000,1000,1000,1000,0,0,
Expense Sub-Total:,,,3700,3700,4150,4150,4150,4150,4550,4550,0.0963855421686747,400,
135 - TOWN ACCOUNTANT - Total ,,,235266.42,242242.8,242692.8,242692.8,246091.40999999997,241680.77000000002,242080.77000000002,242080.77000000002,-0.01629735877412363,-4010.6399999999558,
,531020,AUDIT COSTS,38000,38000,38000,38000,38000,38000,40000,40000,0.05263157894736842,2000,
,561050,GASB 45 VALUATION,3900,3900,4100,4100,4100,4100,4100,4100,0,0,
136 - ANNUAL AUDIT - Total,,,41900,41900,42100,42100,42100,42100,44100,44100,0.047505938242280284,2000,
141 - ASSESSOR'S ADMINISTRATION ,511028,PRINCIPAL ASSESSOR,87236.57,87236.57,95030.4,95030.4,95030.4,86028.8,86028.8,86028.8,-0.09472337273125223,-9001.599999999991,
,511000,SALARIES ADMINISTRATIVE ASSISTANT,41716.4,41516.8,41516.8,41516.8,43197.44,43197.44,43197.44,43197.44,0,0,
,514002,LONGEVITY PAY,1350,1350,1350,1350,1350,1350,1350,1350,0,0,
Personnel Sub-Total:,,,130302.97,130103.37000000001,137897.2,137897.2,139577.84,130576.24,130576.24,130576.24,-0.06449161270872218,-9001.599999999991,
,,,,,,,,,,,,0,
,530600,ANNUAL MEASURE & LIST PROGRAM,10000,10000,10000,15000,60000,45000,45000,45000,-0.25,-15000,
,531003,CONTRACTED SERVICES,47070,47070,32800,32800,32800,47800,48430,48430,0.4765243902439024,15630,
,531010,UPDATE MAPS,3800,3800,3800,3800,3800,3800,3800,3800,0,0,
,534400,POSTAGE,500,500,500,500,500,500,500,500,0,0,
,540000,OFFICE SUPPLIES,1450,1450,1450,1450,1450,1450,1450,1450,0,0,
,571000,MILEAGE REIMBURSEMENT,150,150,150,150,150,150,150,150,0,0,
,573000,DUES/MEMBERSHIP,150,150,150,150,150,150,150,150,0,0,
,573100,MEETINGS/SCHOOL,500,500,500,500,500,500,1000,1000,1,500,
Expenses Sub-Total:,,,63620,63620,49350,54350,99350,99350,100480,100480,0.011373930548565676,1130,
141 - ASSESSOR'S ADMINISTRATION - Total,,,193922.97,193723.37,187247.2,192247.2,238927.84,229926.24,231056.24,231056.24,-0.032945511916903474,-7871.600000000006,
,,,,,,,,,,,,0,
,,,,,,,,,,,,0,
,,,,,,,,,,,,0,
145 - TREASURER'S ADMINISTRATION ,511000,TREASURER'S SALARY,39362.03,39152.88,39152.88,39152.88,39967.2,39967.2,39967.2,44408,0.11111111111111119,4440.800000000003,
,514002,LONGEVITY,982.59,978.82,978.82,978.82,999.18,999.18,999.18,999.18,0,0,
,511002,SALARY ASSISTANT TREASURER,41958.52,43019.64,43019.64,43019.64,44754.12,46114.2,46114.2,46114.2,0.0303900512399751,1360.0799999999945,
Personnel Sub-Total:,,,82303.13999999998,83151.34,83151.34,83151.34,85720.5,87080.57999999999,87080.57999999999,91521.38,0.06767202711136781,5800.880000000005,
,531003,CONTRACTED SERVICES,1000,1000,1000,1000,1000,1000,5500,5500,4.5,4500,
,531014,BOND ISSUANCE COSTS,2500,2500,2500,2500,2500,2500,2500,2500,0,0,
,534400,POSTAGE,4000,4000,4000,4000,4000,4000,4000,4000,0,0,
,540000,OFFICE SUPPLIES,1075,1075,1075,1075,1075,1075,1075,1075,0,0,
,571000,MILEAGE REIMBURSEMENT,300,300,300,300,300,300,300,300,0,0,
,573000,DUES/MEMBERSHIP,350,350,350,350,350,350,350,350,0,0,
,573100,MEETINGS/SCHOOL,750,750,750,750,750,750,750,750,0,0,
Expenses Sub-Total:,,,9975,9975,9975,9975,9975,9975,14475,14475,0.45112781954887216,4500,
145 - TREASURER'S ADMINISTRATION - Total,,,92278.13999999998,93126.34,93126.34,93126.34,95695.5,97055.57999999999,101555.57999999999,105996.38,0.10764226113035623,10300.880000000005,
146 - TAX COLLECTOR'S ADMINISTRATION ,511000,TAX COLLECTOR'S SALARY,39362.03,39152.88,39152.88,39152.88,39967.2,39967.2,44408,44408,0.11111111111111119,4440.800000000003,
,514002,LONGEVITY PAY,982.59,978.82,978.82,978.82,999.18,999.18,999.18,999.18,0,0,
,511001,SALARIES ASSISTANT COLLECTOR,32803.12,33619.2,37821.6,37821.6,39189.28,40422.88,40422.88,40422.88,0.03147799602340228,1233.5999999999985,
Personnel Sub-Total:,,,73147.73999999999,73750.9,77953.29999999999,77953.29999999999,80155.66,81389.26,85830.06,85830.06,0.07079225596795029,5674.399999999994,
,531003,CONTRACTED SERVICES,17000,17000,17000,17000,17000,17000,17000,17000,0,0,
,534400,POSTAGE,12000,12000,12000,12000,12000,12000,12000,12000,0,0,
,540000,OFFICE SUPPLIES,750,750,750,750,750,750,750,750,0,0,
,571000,MILEAGE REIMBURSEMENT,300,300,300,300,300,300,300,300,0,0,
,573000,DUES/MEMBERSHIP,100,100,100,100,100,100,100,100,0,0,
,573100,MEETINGS/SCHOOL,750,750,750,750,750,750,750,750,0,0,
Expense Sub-Total:,,,30900,30900,30900,30900,30900,30900,30900,30900,0,0,
,,,,,,,,,,,,0,
146 - TAX COLLECTOR'S ADMINISTRATION - Total,,,104047.73999999999,104650.9,108853.29999999999,108853.29999999999,111055.66,112289.26,116730.06,116730.06,0.05109509952036658,5674.399999999994,
,531004,BANKING CHARGES,1000,1000,1000,1000,1000,1000,1000,1000,0,0,
149 - BANKING CHARGES - Total,,,1000,1000,1000,1000,1000,1000,1000,1000,0,0,
,531005,LEGAL EXPENSES,110000,110000,110000,110000,110000,110000,110000,110000,0,0,
151 - LEGAL EXPENSES - Total,,,110000,110000,110000,110000,110000,110000,110000,110000,0,0,
155 - TECHNOLOGY ,511000,IT DIRECTOR SALARY,27675,,,,,,,,,0,
,511002,NETWORK ADMINISTRATOR,69133.68,71221.68,71221.68,71221.68,71221.68,74568,74568,74568,0.04698456986692826,3346.320000000007,
,519991,REMOTE MEETING COORINDATOR,0,0,5000,5000,5000,5000,5000,5000,0,0,
,511002,TECHNICAL SUPPORT,,,,23545.33,23545.33,23545.33,23545.33,23545.33,0,0,
,514002,LONGEVITY PAY,,,,,,,,,,0,
Personnel Sub-Total:,,,96808.68,71221.68,76221.68,99767.01,99767.01,103113.33,103113.33,103113.33,0.03354134798667422,3346.320000000007,
,,,,,,,,,,,,0,
,535006,CONTRACTED SERVICES,3088,25000,25000,25000,25000,25000,25000,25000,0,0,
,521006,SOFTWARE MAINTENANCE,111530,111530,115084,126648,126648,126648,167549,162140,0.28024129871770576,35492,
,521001,HARDWARE MAINTENANCE,77364,25275,42500,42500,42500,42500,70500,70500,0.6588235294117647,28000,
,531007,WEBSITE HOSTING,6600,6600,6600,10000,10000,10000,10000,10000,0,0,
,531021,INTERNET ACCESS,6410,7001.28,12107.880000000001,12107.880000000001,12107.880000000001,12107.880000000001,29280,29280,1.4182598440024181,17172.12,
Expense Sub-Total:,,,204992,175406.28,201291.88,216255.88,216255.88,216255.88,302329,296920,0.3730031294409197,80664.12,
155 - TECHNOLOGY  - Total,,,301800.68,246627.96,277513.56,316022.89,316022.89,319369.21,405442.33,400033.33,0.265836566458841,84010.44,
161 - TOWN CLERK'S ADMINISTRATION ,,,,,,,,,,,,,
,511002,ASSISTANT TOWN CLERK SALARY,36786.08,37695.2,37695.2,37695.2,39222.72,40381.6,40381.6,40381.6,0.029546140604221158,1158.8799999999974,
,514002,LONGEVITY,,,,,,,,,,,
,519007,RECORDING VITAL STATISTICS FEE,375,375,375,375,375,375,375,375,0,0,
Personnel Sub-Total:,,,37161.08,38070.2,38070.2,38070.2,39597.72,40756.6,40756.6,40756.6,0.029266331495853736,1158.8799999999974,
,531056,CODE UPDATES,8000,8000,8000,8000,8000,8000,8174.6,8174.6,0.021825000000000046,174.60000000000036,
,531003,CONTRACTED SERVICES,3100,3100,14664,3100,3100,3100,3167.66,3167.66,0.021825806451612858,67.65999999999985,
,534400,POSTAGE,500,500,500,500,500,500,510.91,510.91,0.02182000000000005,10.910000000000025,
,540000,OFFICE SUPPLIES,725,725,725,725,725,725,740.82,740.82,0.021820689655172483,15.82000000000005,
,571000,MILEAGE REIMBURSEMENT,400,400,400,400,400,400,408.73,408.73,0.021825000000000046,8.730000000000018,
,573000,DUES/MEMBERSHIP,150,150,150,150,150,150,153.27,153.27,0.02180000000000007,3.2700000000000102,
,573100,MEETINGS/SCHOOL,600,600,600,600,600,600,613.09,613.09,0.02181666666666672,13.090000000000032,
Expenses Sub-Total:,,,13475,13475,25039,13475,13475,13475,13769.08,13769.08,0.02182411873840445,294.0799999999999,
161 - TOWN CLERK'S ADMINISTRATION - Total,,,50636.08,51545.2,63109.2,51545.2,53072.72,54231.6,54525.68,54525.68,0.027376776618948474,1452.9599999999991,
162 - ELECTIONS ,512100,SALARIES ELECTION WORKERS,8443,8443,8443,8443,8443,8443,8825,8825,0.04524458130996092,382,
,531008,POLICE/CUSTODIANS ELECTIONS,2500,2500,2500,2500,2500,2500,2500,2500,0,0,
Personnel Sub-Total:,,,10943,10943,10943,10943,10943,10943,11325,11325,0.03490816046787901,382,
,534200,PRINTING,4500,4500,4500,4500,4500,4500,4500,4500,0,0,
,534400,POSTAGE,200,200,200,200,200,200,200,200,0,0,
,549000,LUNCHES,260,260,260,260,260,260,260,260,0,0,
,540000,OFFICE SUPPLIES,450,450,450,450,450,450,450,450,0,0,
Expense Sub-Total:,,,5410,5410,5410,5410,5410,5410,5410,5410,0,0,
162 - ELECTIONS - Total,,,16353,16353,16353,16353,16353,16353,16735,16735,0.023359628202776248,382,
163 - REGISTRATION & CENSUS ,512100,SALARIES REGISTRATION & CENSUS,13500,13500,13500,19000,19000,19000,19000,19000,0,0,
,519000,STIPEND - REGISTRAR'S FEE,400,400,400,400,400,400,400,400,0,0,
Personnel Sub-Total:,,,13900,13900,13900,19400,19400,19400,19400,19400,0,0,
,527500,METER RENTAL,,,,,,,,,,0,
,531003,CONTRACTED SERVICES,,,500,500,500,500,500,500,0,0,
,531016,STREET LISTS,600,600,600,600,600,600,600,600,0,0,
,534400,POSTAGE,3100,3100,3500,3500,3500,3500,3500,3500,0,0,
,540000,OFFICE SUPPLIES,250,250,250,250,250,250,250,250,0,0,
,571000,MILEAGE REIMBURSEMENT,200,200,200,200,200,200,200,200,0,0,
Expense Sub-Total:,,,4150,4150,5050,5050,5050,5050,5050,5050,0,0,
163 - REGISTRATION & CENSUS - Total,,,18050,18050,18950,24450,24450,24450,24450,24450,0,0,
,512000,TOWN CLERK'S SALARY,53228.8,53228.8,54560,54560,54560,54560,57500,57500,0.053885630498533725,2940,
164 - TOWN CLERK'S SALARY - Total,,,53228.8,53228.8,54560,54560,54560,54560,57500,57500,0.053885630498533725,2940,
171 - CONSERVATION COMMISSION ,,,,,,,,,,,,,
,511000,CONSERVATION ADMINISTRATOR,56850.48,56927.52,56927.52,56927.52,59230.08,48095.56,48095.56,48095.56,-0.18798759008936006,-11134.520000000004,
,511001,CONSERVATION CLERICAL,,,18477.23,10116.36,10116.36,11729.9,11729.9,11729.9,0.15949808033719629,1613.539999999999,
Personnel Sub-Total,,,56850.48,56927.52,75404.75,67043.88,69346.44,59825.46,59825.46,59825.46,-0.13729587272252192,-9520.980000000003,
,521003,BRIDGE REPAIR & MTC,,,,,,,,,,0,
,531006,PURCHASE OF SERVICE,650,650,650,650,650,650,650,650,0,0,
,531012,TOWN FOREST COMMITTEE,,,,,,,,,,,
,531007,RECORDINGS-REGISTRY OF DEEDS,150,150,150,150,150,150,150,150,0,0,
,531013,CONSULTANT,,,,,,,,,,0,
,534400,POSTAGE,500,500,500,500,500,500,500,500,0,0,
,534500,ADVERTISING,750,750,750,750,750,750,750,750,0,0,
,540000,OFFICE SUPPLIES,650,650,650,650,650,650,650,650,0,0,
,573000,DUES/MEMBERSHIP,366,366,366,366,366,366,366,366,0,0,
,573100,MEETINGS/SCHOOL,1209,1209,1209,1209,1209,1209,1209,1209,0,0,
Expense Sub-Total:,,,4275,4275,4275,4275,4275,4275,4275,4275,0,0,
171 - CONSERVATION COMMISSION - Total,,,61125.48,61202.52,79679.75,71318.88,73621.44,64100.46,64100.46,64100.46,-0.12932346881560594,-9520.980000000003,
175 - PLANNING BOARD ,511000,LAND USE DIRECTOR,103873,103376,103376,103376,105539.2,105539.2,105539.2,105539.2,0,0,
,514002,LONGEVITY PAY,1850,2350,2350,2350,2350,2350,2350,2350,0,0,
,511001,SALARIES CLERICAL,46955.9,46706.4,46706.4,46706.4,48597.12,48597.12,48597.12,48597.12,0,0,
Personnel Sub-Total:,,,152678.9,152432.4,152432.4,152432.4,156486.32,156486.32,156486.32,156486.32,0,0,
,531017,PUBLICATIONS,700,700,700,700,700,700,500,500,-0.2857142857142857,-200,
,534200,PRINTING,100,100,100,100,100,100,300,300,2,200,
,534400,POSTAGE,200,200,200,200,200,200,200,200,0,0,
,534500,ADVERTISING,900,900,900,900,900,900,900,900,0,0,
,540000,OFFICE SUPPLIES,1500,1500,1500,1500,1500,1500,1500,1500,0,0,
,571000,MILEAGE REIMBURSEMENT,285,285,285,285,285,285,285,285,0,0,
,573000,DUES/MEMBERSHIP,550,550,550,550,550,550,700,700,0.2727272727272727,150,
,573100,MEETINGS/SCHOOL,1150,1150,1150,1150,1150,1150,1000,1000,-0.13043478260869565,-150,
,531070,APDC EXPENSES,,,,,5000,,,,-1,-5000,
Expense Sub-Total:,,,5385,5385,5385,5385,10385,5385,5385,5385,-0.4814636494944632,-5000,
175 - PLANNING BOARD - Total,,,158063.9,157817.4,157817.4,157817.4,166871.32,161871.32,161871.32,161871.32,-0.029963207578150637,-5000,
176 - ZONING BOARD OF APPEALS ,511001,SALARIES CLERICAL,3000,3000,3000,3000,3000,3000,3000,3000,0,0,
Personnel Sub-Total:,,,3000,3000,3000,3000,3000,3000,3000,3000,0,0,
,534500,ADVERTISING,600,600,600,600,600,600,600,600,0,0,
,573100,MEETINGS/SCHOOL,300,300,300,300,300,300,300,300,0,0,
Expense Sub-Total:,,,900,900,900,900,900,900,900,900,0,0,
176 - ZONING BOARD OF APPEALS - Total,,,3900,3900,3900,3900,3900,3900,3900,3900,0,0,
177-APDC,531070,APDC EXPENSES,,,,,,5000,5000,5000,,5000,
APDC -Total,,,,,,,,5000,5000,5000,,5000,
Total:  General Government,,,1738190.94,1701872.93,1763407.19,1792491.6500000001,1872757.78,1866816.96,1975290.2400000002,1974322.04,0.054232459255889466,101564.26000000001,
Central Purchasing,,,,,,,,,,,,,
199 - CENTRAL PURCHASING ,521001,OFFICE EQUIPMENT MTC,7500,7500,7500,7500,7500,7500,7500,7500,0,0,
,521007,EQUIPMENT MTC,3000,3000,3000,3000,3000,3000,3000,3000,0,0,
,521014,TELEPHONE CHARGES,40000,40000,40000,40000,40000,40000,40000,40000,0,0,
,534400,POSTAGE,780,780,3000,3000,3000,3000,3000,3000,0,0,
,531057,MANAGED PRINT SERVICES,24300,24300,24300,24300,24300,24300,24300,26800,0.102880658436214,2500,
199 - CENTRAL PURCHASING - Total,,,75580,75580,77800,77800,77800,77800,77800,80300,0.032133676092544985,2500,
Police,,,,,,,,,,,,,
210 - POLICE DEPARTMENT ,511000,SALARY POLICE CHIEF,112200,115005,115005,115005,115005,115005,115005,115005,0,0,
,511001,SALARY ADMINISTRATIVE ASSISTANT,60677.28,60677.28,60677.28,60677.28,63120.24,62878.4,62878.4,62878.4,-0.0038314176245210175,-241.8399999999965,
,511001,SALARY CLERK,,,8062.08,8062.08,8062.08,8062.08,8873.28,8873.28,0.10061919504643972,811.2000000000007,
,511004,SERGEANTS SALARIES,316920.82,316920.82,316920.82,316920.82,316920.82,335682.88,335682.88,335682.88,0.05920109634955506,18762.059999999998,
,511030,DETECTIVE SALARIES,0,0,74407.55,74407.55,74407.55,78347.36,117521.01,78347.36,0.052949062292737735,3939.8099999999977,
,511005,LIEUTENANTS SALARIES,91114.89,91114.89,91114.89,91114.89,91114.89,96508.67,96508.67,96508.67,0.05919756913496794,5393.779999999999,
,511006,PATROLMAN SALARIES,805837.28,875182.69,795317.27,795317.27,795317.27,906589.51,900158.56,900158.56,0.13182322823192313,104841.29000000004,
,513000,SALARIES OVERTIME,148083.74,148083.74,175449.51,175449.51,175449.51,191449.51,180993.27,175000,-0.0025620476227035875,-449.5100000000093,
,514000,SHIFT DIFFERENTIAL,27000,27000,27336.27,27336.27,27336.27,27336.27,31848.02,31848.02,0.16504629197765458,4511.75,
,514001,HOLIDAY PAY,48474,48474,49559.84,49559.84,49559.84,49559.84,56141.37,54993.64,0.10964119335332809,5433.800000000003,
,514002,LONGEVITY PAY,11712.28,14272.28,14272.28,14272.28,14272.28,14272.28,15552.28,15552.28,0.08968433915253904,1280,
,514003,COURT TIME,15800,15800,15800,15800,15800,15800,15800,15800,0,0,
,514004,INVESTIGATIVE FIELD SERVICES,25668,25668,26954.85,26954.85,26954.85,26954.85,37040.04,36695.72,0.36137726605787096,9740.870000000003,
,511021,COURT STIPENDS,3100,3100,3100,3100,3100,3100,3100,3100,0,0,
,517000,RETIREMENTS,0,0,11004.2,11004.2,11004.2,11004.2,,,-1,-11004.2,
,519001,UNIFORM ALLOWANCE,28675,31000,31000,31000,31000,31000,31775,31000,0,0,
,519002,CAREER INCENTIVE,106856.49,113236.99,107136.66,107136.66,107136.66,132901.37,132901.37,132901.37,0.24048453629224573,25764.709999999992,
,519003,FIRE ARMS TRAINING,15722,15722,16828.03,16828.03,16828.03,16828.03,16653.53,16309.21,-0.030830703296820826,-518.8199999999997,
,519009,IN-SERV/SPECIALIZED TRAINING,56507,56507,57660.74,57660.74,57660.74,57660.74,71352.79,71352.79,0.2374587977885819,13692.049999999996,
,513004,COMMUNITY POLICING,7722,7722,7722,7722,7722,7722,12995.18,12995.18,0.6828774928774929,5273.18,
,NEW,SCHOOL RESOURCE STIPEND,,,,,,2000,4000,2000,,2000,
,NEW,TRAFFIC OFFICER STIPEND,,,,,,2000,2000,2000,,2000,
,NEW,K9 CARE OVERTIME,,,,,,22089.71,19095.09,19095.09,,19095.09,
,NEW,FIELD TRAINING OFFICER DIFFERENTIAL,,,,,,600,600,600,,600,
,NEW,OFFICER IN CHARGE DIFFERENTIAL,,,,,,1440,1440,1440,,1440,
,NEW,POLICE  LESS LETHAL TRAINING,,,,,,,8498.92,8154.6,,8154.6,
Personnel Sub-Total:,,,1882070.78,1965486.69,2005329.2700000003,2005329.2700000003,2007772.2300000002,2216792.7,2278414.66,2228292.0500000003,0.10983308599701075,220519.82000000007,
,521007,EQUIPMENT MTC,12700,12700,12700,12700,12700,12700,12700,12700,0,0,
,543003,RADAR UNIT,2200,2200,2200,2200,2200,2200,0,0,-1,-2200,
,573200,TRAINING COURSE FEES,23600,23600,23600,23600,23600,23600,23600,23600,0,0,
,534200,PRINTING,4500,4500,3500,3500,3500,3500,3500,3500,0,0,
,534400,POSTAGE,750,750,750,750,750,750,750,750,0,0,
,540000,OFFICE SUPPLIES,4600,4600,5600,5600,5600,5600,5600,5600,0,0,
,551001,SUPPLIES FIREARMS QUALIFICATIO,11000,11000,12500,12500,12500,12500,15000,15000,0.2,2500,
,573000,DUES/MEMBERSHIP,4400,4400,4400,4400,4400,4400,6000,6000,0.36363636363636365,1600,
,531058,DETAIL SOFTWARE ANNUAL FEE,3720,3720,3720,3720,3720,3720,4080,4080,0.0967741935483871,360,
,551002,BADGES,2550,2550,1050,1050,1050,1050,1050,1050,0,0,
,558700,K9/COMFORT DOG EXPENSES,5000,5000,8000,8000,8000,8000,8000,8000,0,0,
,555060,MOTORCYCLE LEASE,,,5000,5000,5000,5000,5000,5000,0,0,
Expenses Sub-Total:,,,75020,75020,83020,83020,83020,83020,85280,85280,0.027222356058781018,2260,
210 - POLICE DEPARTMENT - Total,,,1957090.78,2040506.69,2088349.2700000003,2088349.2700000003,2090792.2300000002,2299812.7,2363694.66,2313572.0500000003,0.10655282567220944,222779.82000000007,
213 - POLICE LOCK UP ,511014,PAYROLL LOCK-UP,60000,60000,45000,45001,45000,45000,30000,20000,-0.5555555555555556,-25000,
Personnel Sub-Total:,,,60000,60000,45000,45000,45000,45000,30000,20000,-0.5555555555555556,-25000,
,531006,PURCHASE OF SERVICE,2800,2800,2800,2800,2800,2800,2800,2800,0,0,
,540000,OFFICE SUPPLIES,2800,2800,2800,2800,2800,2800,2800,2800,0,0,
Expenses Sub-Total:,,,5600,5600,5600,5600,5600,5600,5600,5600,0,0,
213 - POLICE LOCK UP - Total,,,65600,65600,50600,50600,50600,50600,35600,25600,-0.49407114624505927,-25000,
524 - POLICE/FIRE MEDICAL ,531035,MEDICAL EXPENSES,4000,4000,4000,4000,4000,4000,4000,4000,0,0,
524 - POLICE/FIRE MEDICAL - Total,,,4000,4000,4000,4000,4000,4000,4000,4000,0,0,
214 - INJURY LEAVE ,515000,INJURY LEAVE,4000,4000,4000,4000,4000,4000,4000,4000,0,0,
214 - INJURY LEAVE - Total,,,4000,4000,4000,4000,4000,4000,4000,4000,0,0,
Total:  Police Department,,,2030690.78,2114106.69,2146949.2700000005,2146949.2700000005,2149392.2300000004,2358412.7,2407294.66,2347172.0500000003,0.09201662555558777,197779.81999999983,
Fire Department,,,,,,,,,,,,,
220 - FIRE DEPARTMENT ,511000,FIRE CHIEF SALARY,100336,103346,103346,103346,103346,106446,106446,106446,0.02999632303137035,3100,
,511001,ADMINISTRATIVE ASSISTANT/EMT,61888.32,61888.32,61888.32,61888.32,63120.24,62878.4,62878.4,62878.4,-0.0038314176245210175,-241.8399999999965,
,511007,CAREER FF SALARIES,569684.45,685020.63,691698.93,691698.93,691698.93,696724.2,696724.2,696724.2,0.007265111715583978,5025.269999999902,
,511008,AMBULANCE DIRECTOR SALARY,1500,1500,1500,1500,1500,1500,1500,1500,0,0,
,511010,FIREFIGHTERS SALARIES,190000,190000,190000,190000,194047,194047,194047,194047,0,0,
,511011,EMT'S SALARIES,69000,69000,69000,69000,70469.7,70469.7,70469.7,70469.7,0,0,
,513000,CAREER OVERTIME,171844.7,162802.03,162802.03,162802.03,162802.03,162802.03,162802.03,162802.03,0,0,
,514001,HOLIDAY PAY,,42704.16,42704.16,42704.16,42704.16,43545.26,43545.26,43545.26,0.01969597341336297,841.0999999999985,
,519001,UNIFORM ALLOWANCE,8800,8800,9900,9900,9900,9900,9900,9900,0,0,
,519011,CELL PHONE STIPEND,720,720,720,720,720,720,720,720,0,0,
,514002,LONGEVITY PAY,10837.77,10837.77,10837.77,12427.21,12458.01,12451.96,12451.96,12451.96,-0.00048563133277313884,-6.050000000001091,
,519003,TRAINING FIREFIGHTERS,50000,50000,50000,50000,50473.13,50473.13,50473.13,50473.13,0,0,
,519005,WEEKEND ON CALL STIPEND,5200,5200,5200,5200,5200,5200,5200,5200,0,0,
,519004,EMT BASIC/ADVANCED STIPEND,9000,9000,9500,9500,9500,9500,10500,10500,0.10526315789473684,1000,
,519019,FIRE PREVENTION STIPEND,3000,3000,3000,3000,3000,3000,3000,3000,0,0,
,519017,TRAINING OFFICER STIPEND,1500,1500,1500,1500,1500,1500,1500,1500,0,0,
,519002,EDUCATIONAL STIPEND,2000,5000,5000,5000,5000,5000,5000,5000,0,0,
,519018,ALS COORDINATOR STIPEND,1500,1500,1500,1500,1500,1500,1500,1500,0,0,
Personnel Sub-Total:,,,1256811.24,1411818.91,1420097.21,1421686.65,1428939.1999999997,1437657.68,1438657.68,1438657.68,0.006801185102907259,9718.480000000214,
,521004,BLDG REPAIRS & MTC,1500,1500,1500,1500,1500,1500,1500,1500,0,0,
,521008,EQUIPMENT MTC - EMS,5000,5000,5000,5000,5000,5000,14000,14000,1.8,9000,
,521009,EQUIPMENT MTC - FIREFIGHTERS,10170,10170,10170,10170,10170,10170,10170,10170,0,0,
,531022,OUTSIDE TRAINING-EMS,21000,21000,21000,21000,21000,21000,21000,21000,0,0,
,531023,RECERTIFICATION - EMS,3000,3000,3150,3150,3150,3150,3150,3150,0,0,
,531024,FEES/LICENSES EMS,15400,15400,15400,15400,15400,15400,15400,15400,0,0,
,534400,POSTAGE,300,300,300,300,300,300,300,300,0,0,
,540000,OFFICE SUPPLIES,2500,2500,2500,2500,2500,2500,2500,2500,0,0,
,541003,FIREFIGHTING/TRAINING SUPPLIES,7000,7000,7000,7000,7000,7000,7000,7000,0,0,
,541004,EMS SUPPLIES,15000,15000,15000,15000,15000,15000,18000,18000,0.2,3000,
,541006,FOOD AT FIRES,350,350,350,350,350,350,350,350,0,0,
,573000,DUES/MEMBERSHIP,2000,2000,2000,2000,2000,2000,2000,2000,0,0,
,573001,MEETINGS/SCHOOL FIREFIGHTERS,6565,6565,6565,6565,6565,6565,6565,6565,0,0,
,573100,MEETINGS/SCHOOL,1400,1400,1400,1400,1400,1400,1400,1400,0,0,
,582001,CAPITAL PROTECTIVE EQUIPMENT,20000,20000,20000,20000,20000,20000,20000,20000,0,0,
,582002,CAPITAL REPLACEMENT EQUIPMENT,10000,10000,10000,10000,10000,10000,10000,10000,0,0,
,NEW,FIRE IT SOFTWARE,,,,,,,9000,9000,,,
Expenses Sub-Total:,,,121185,121185,121335,121335,121335,121335,142335,142335,0.1730745456793176,21000,
,,,,,,,,,,,,0,
220 - FIRE DEPARTMENT - Total,,,1377996.24,1533003.91,1541432.21,1543021.65,1550274.1999999997,1558992.68,1580992.68,1580992.68,0.019814868879324845,30718.480000000214,
223 - FIRE HYDRANT EXPENSE ,523002,HYDRANT EXPENSE,15194,15194,15194,15194,15194,15194,17000,17000,0.11886270896406476,1806,
223 - FIRE HYDRANT EXPENSE - Total,,,15194,15194,15194,15194,15194,15194,17000,17000,0.11886270896406476,1806,
227 - MTC OF TOWN RADIOS ,521007,EQUIPMENT MTC,10000,10000,10000,10000,10000,10000,10000,10000,0,0,
227 - MTC OF TOWN RADIOS - Total,,,10000,10000,10000,10000,10000,10000,10000,10000,0,0,
Total:  Fire Department,,,1403190.24,1558197.91,1566626.21,1568215.65,1575468.1999999997,1584186.68,1607992.68,1607992.68,0.020644326556385092,32524.480000000214,
228 - RADIO WATCH ,,,,,,,,,,,,,
,511001,PUBLIC SAFETY DESK-CLERICAL,,,,,60948.72,60948.72,60948.72,49068.8,-0.1949166446809711,-11879.919999999998,
,512103,SALARIES RESERVE,104179.27,104179.27,104179.27,104179.27,45589.99,45589.99,46729.74,46729.74,0.025000005483659903,1139.75,
,519001,UNIFORM ALLOWANCE,1000,1000,1000,1000,1000,1000,0,0,-1,-1000,
Personnel Sub-Total:,,,105179.27,105179.27,105179.27,105179.27,107538.70999999999,107538.70999999999,107678.45999999999,95798.54000000001,-0.10917157179958718,-11740.169999999984,
,573300,REG. DISPATCH ASSESSMENT,199500,199500,213125,213125,204606,204606,212921.42,212921.42,0.04064113466858261,8315.420000000013,
Expense Sub-Total:,,,199500,199500,213125,213125,204606,204606,212921.42,212921.42,0.04064113466858261,8315.420000000013,
228 - RADIO WATCH - Total,,,304679.27,304679.27,318304.27,318304.27,312144.70999999996,312144.70999999996,320599.88,308719.96,-0.010971674003381131,-3424.749999999942,
Total:  Radio Watch,,,304679.27,304679.27,318304.27,318304.27,312144.70999999996,312144.70999999996,320599.88,308719.96,-0.010971674003381131,-3424.749999999942,
Other Protection,,,,,,,,,,,,,
241 - BUILDING INSPECTION ,511000,BUILDING INSPECTOR SALARY,93535.4,93038.4,93038.4,93038.4,94985.28,94985.28,94985.28,94985.28,0,0,
,511001,ADMINISTRATIVE ASSISTANT SALARY,46955.9,46706.4,46706.4,46706.4,48597.12,48597.12,48597.12,48597.12,0,0,
,511003,ALTERNATE BUILDING INSPECTOR SALARY,,,5000,5000,5000,5000,5000,5000,0,0,
,519008,MILEAGE,7500,7500,7500,7500,7500,7500,7500,7500,0,0,
,514002,LONGEVITY PAY,2350,2350,2350,2350,2350,2350,2350,2350,0,0,
Personnel Sub-Total:,,,150341.3,149594.8,154594.8,154594.8,158432.4,158432.4,158432.4,158432.4,0,0,
,521001,OFFICE EQUIPMENT MTC,,,,,,,,,,,
,531017,PUBLICATIONS,1500,1500,1500,1500,1500,1500,1600,1600,0.06666666666666667,100,
,534400,POSTAGE,240,240,240,240,240,240,240,240,0,0,
,540000,OFFICE SUPPLIES,410,410,410,410,410,410,410,410,0,0,
,558000,UNIFORM ALLOWANCE,360,360,360,360,360,360,360,360,0,0,
,573100,MEETINGS/SCHOOL,1000,1000,1000,1000,1000,1000,900,900,-0.1,-100,
Expense Sub-Total:,,,3510,3510,3510,3510,3510,3510,3510,3510,0,0,
241 - BUILDING INSPECTION - Total,,,153851.3,153104.8,158104.8,158104.8,161942.4,161942.4,161942.4,161942.4,0,0,
244 - INSPECTOR OF WGHTS & MEASURES ,511000,SALARY INS OF WGHTS/MEASURES,3500,3500,3500,3500,3500,3500,3500,3500,0,0,
Personnel Sub-Total:,,,3500,3500,3500,3500,3500,3500,3500,3500,0,0,
,519008,MILEAGE STIPEND,500,500,500,500,500,500,500,500,0,0,
,540000,OFFICE SUPPLIES,300,300,300,300,300,300,300,300,0,0,
Expenses Sub-Total:,,,800,800,800,800,800,800,800,800,0,0,
244 - INSPECTOR OF WGHTS & MEASURES - Total,,,4300,4300,4300,4300,4300,4300,4300,4300,0,0,
291 - EMERGENCY MANAGEMENT,511000,SALARY EMERGENCY MANAGEMENT ,5000,5000,5000,5000,5000,5000,5000,5000,0,0,
Personnel Sub-Total:,,,5000,5000,5000,5000,5000,5000,5000,5000,0,0,
,,,,,,,,,,,,0,
,521007,EQUIPMENT MTC,1000,1000,1000,1000,1000,1000,1000,1000,0,0,
,540000,OFFICE SUPPLIES,1000,1000,1000,1000,1000,1000,1000,1000,0,0,
Expenses Sub-Total:,,,2000,2000,2000,2000,2000,2000,2000,2000,0,0,
291 - EMERGENCY MANAGEMENT - Total,,,7000,7000,7000,7000,7000,7000,7000,7000,0,0,
292 - ANIMAL CONTROL ,511000,SALARY ANIMAL CONTROL OFFICER,15000,15000,15000,20000,20000,20000,20000,20000,0,0,
Personnel Sub-Total:,,,15000,15000,15000,20000,20000,20000,20000,20000,0,0,
,531025,VETERINARY CHARGES,6000,6000,6000,6000,6000,6000,6000,6000,0,0,
,531026,CARE AND CUSTODY,15000,15000,15000,15000,15000,15000,15000,15000,0,0,
,534200,PRINTING,500,500,500,500,500,500,500,500,0,0,
,540000,OFFICE SUPPLIES,1000,1000,1000,1000,1000,1000,3500,3500,2.5,2500,
,571000,MILEAGE REIMBURSEMENT,2500,2500,2500,2500,2500,2500,0,0,-1,-2500,
,NEW,KENNEL AT PUBLIC SAFETY BUILDING,,,,,,,4000,4000,,4000,
Expenses Sub-Total:,,,25000,25000,25000,25000,25000,25000,29000,29000,0.16,4000,
292 - ANIMAL CONTROL - Total,,,40000,40000,40000,45000,45000,45000,49000,49000,0.08888888888888889,4000,
,,,,,,,,,,,,0,
Total:  Other Protection,,,205151.3,204404.8,209404.8,214404.8,218242.4,218242.4,222242.4,222242.4,0.018328244190863003,4000,
Total:  Protection ,,,3943711.59,4181388.67,4241284.550000001,4247873.99,4255247.54,4472986.49,4558129.62,4486127.09,0.054257607302441405,230879.5499999998,
Education,,,,,,,,,,,,,
,,ANNUAL OPERATING BUDGET,21651692.05,22192984.35125,22325309,22325309,22325309,22883441.724999998,23016788,23016788,0.030972874776335684,691479,
,,CURRICULUM UPDATE/ Non-Recurring,17686,17686,17686,17686,17686,17686,17686,17686,0,0,
300 - SCHOOL DEPARTMENT - Total,,,21669378.05,22210670.35125,22342995,22342995,22342995,22901127.724999998,23034474,23034474,0.03094835763960919,691479,
312 - MONTY TECH ASSESSMENT ,532000,MONTY TECH ASSESSMENT,876289,898196.225,1056990,1056990,1054376,1080735.4,1080735.4,1080735.4,0.02499999999999991,26359.399999999907,
312 - MONTY TECH ASSESSMENT - Total,,,876289,898196.225,1056990,1056990,1054376,1080735.4,1080735.4,1080735.4,0.02499999999999991,26359.399999999907,
,,,,,,,,,,,,0,
TOTAL SCHOOLS:,,,22545667.05,23108866.57625,23399985,23399985,23397371,23981863.124999996,24115209.4,24115209.4,0.03068030164585579,717838.3999999985,
Department of Public Works,,,,,,,,,,,,,
411 - GENERAL HIGHWAY MAINTENANCE ,521016,HIRED EQUIPMENT,4500,4500,4500,4500,4500,4500,750,750,-0.8333333333333334,-3750,
,521017,DRAINAGE,18000,18000,18000,18000,18000,18000,50000,50000,1.7777777777777777,32000,
,531006,PURCHASE OF SERVICE,26000,26000,26000,26000,26000,26000,40000,40000,0.5384615384615384,14000,
,587046,PAVEMENT MANAGEMENT PLAN,450000,500000,500000,500000,500000,550000,550000,550000,0.1,50000,
,535052,STORMWATER MANAGEMENT PROJECTS,100000,100000,100000,100000,100000,100000,100000,100000,0,0,
,535069,ADA PROW,27000,27000,27000,27000,27000,27000,30000,30000,0.1111111111111111,3000,
,541018,SUPPLIES,35000,35000,35000,35000,35000,35000,35000,35000,0,0,
,531061,ENGINEERING,35000,35000,35000,35000,35000,35000,10000,10000,-0.7142857142857143,-25000,
,531006,LAKE SHIRLEY DAM,,10000,10000,10000,,10000,10000,10000,,10000,
,531039,LANDFILL MONITORING,,7500,7500,7500,,7500,7500,7500,,7500,
,NEW,STREETLIGHTS,,,,,,,,30000,,30000,
411 - GENERAL HIGHWAY MAINTENANCE - Total,,,695500,745500,745500,745500,745500,813000,833250,863250,0.1579476861167002,117750,
412 - TOWN HIGHWAY GARAGE ,,,,,,,,,,,,,
,540000,OFFICE SUPPLIES,1040,1040,1040,1040,1040,1040,1100,1100,0.057692307692307696,60,
412 - TOWN HIGHWAY GARAGE - Total,,,1040,1040,1040,1040,1040,1040,1100,1100,0.057692307692307696,60,
420 - HIGHWAY OVERTIME ,513000,SALARIES OVERTIME,10512.87,10512.87,10512.87,10512.87,10512.87,10512.87,12000,12000,0.14145804142921953,1487.1299999999992,
420 - HIGHWAY OVERTIME - Total,,,10512.87,10512.87,10512.87,10512.87,10512.87,10512.87,12000,12000,0.14145804142921953,1487.1299999999992,
421 - HIGHWAY LABOR ,511000,SALARY HIGHWAY MANAGER,65643.07,67284.13,67284.13,67284.13,67284.13,68701.98,68701.98,68701.98,0.021072576846872974,1417.8499999999913,
,511001,SALARIES CLERICAL,48012.24,49444.4,49444.4,49444.4,53455.52,54604.16,54604.16,54604.16,0.021487771515458214,1148.6400000000067,
,511003,SALARIES STAFF,288824.84,315646.09,321093.68,315646.09,315709.64,339717.46,339717.46,339717.46,0.0760439877603991,24007.820000000007,
,511013,SALARIES DIRECTORS,97822.8,100746,100746,100746,102854.88,99486.4,99486.4,99486.4,-0.032749831607406577,-3368.4800000000105,
,514002,LONGEVITY PAY,3200,3200,3200,3200,3200,4050,4050,4050,0.265625,850,
,519005,ON-CALL STIPEND,6500,6500,6500,6500,6500,6500,6500,6500,0,0,
,519010,CONTRACT EVALUATION STIPEND,6400,6400,6400,6400,6400,6400,6400,6400,0,0,
,558000,UNIFORM ALLOWANCE REIMBURSEMENT,7700,7700,7700,7700,7700,7700,7700,7700,0,0,
421 - HIGHWAY LABOR - Total,,,524102.95,556920.62,562368.21,556920.62,563104.17,587160,587160,587160,0.042720035264523004,24055.829999999958,
423 - SNOW REMOVAL ,513000,SALARIES OVERTIME,22849.16,22849.16,22849.16,22849.16,22849.16,22849.16,22849.16,22849.16,0,0,
Personnel Sub-Total:,,,22849.16,22849.16,22849.16,22849.16,22849.16,22849.16,22849.16,22849.16,0,0,
,531003,CONTRACTED SERVICES,114500,114500,114500,114500,114500,114500,114500,114500,0,0,
,531029,SUPPLIES SNOW,135000,135000,135000,135000,205151,205151,205151,205151,0,0,
,531030,HIRED EQUIPMENT SNOW,7500,7500,7500,7500,7500,7500,7500,7500,0,0,
,NEW,PURCHASE OF SERVICE,,,,,,,5000,5000,,5000,
Expenses Sub-Total:,,,257000,257000,257000,257000,327151,327151,332151,332151,0.015283462376700667,5000,
423 - SNOW REMOVAL - Total,,,279849.16,279849.16,279849.16,279849.16,350000.16,350000.16,355000.16,355000.16,0.014285707755105027,5000,
425 - TRAFFIC SIGNS & DEVICES ,521011,ELECTRICITY CHARGES,1700,1700,1700,1700,1700,1700,1000,1000,-0.4117647058823529,-700,
,521018,LINE PAINTING,17500,17500,17500,17500,17500,17500,17500,17500,0,0,
,541018,SUPPLIES,9053,9053,9053,9053,9053,9053,10000,10000,0.10460620788688832,947,
425 - TRAFFIC SIGNS & DEVICES - Total,,,28253,28253,28253,28253,28253,28253,28500,28500,0.008742434431741762,247,
429 - VEHICLE MAINTENANCE,521019,PURCHASE SERVICE VEHICLE MAINT,7850,7850,7850,7850,7850,7850,5000,5000,-0.3630573248407643,-2850,
,521020,PURCHASE SERV VEH MAINT FIRE,17000,17000,17000,17000,17000,17000,17000,17000,0,0,
,521021,PURCHASE SERV VEH MAINT POLICE,9000,9000,9000,9000,9000,9000,9000,9000,0,0,
,541007,VEHICLE MAINTENANCE SUPPLIES,31700,31700,31700,31700,31700,31700,25000,25000,-0.2113564668769716,-6700,
,541008,VEHICLE MAINT SUPPLIES POLICE,18000,18000,18000,18000,18000,18000,18000,18000,0,0,
,541009,VEHICLE MAINT SUPPLIES FIRE,10000,10000,10000,10000,10000,10000,10000,10000,0,0,
,541011,TOOLS VEHICLE MAINTENANCE,2000,2000,2000,2000,2000,2000,750,750,-0.625,-1250,
,541012,FUEL VEHICLE MAINT HIGHWAY,31930,31930,31930,31930,31930,31930,32000,32000,0.002192295646727216,70,
,541013,FUEL VEHICLE MAINT POLICE,40000,40000,40000,40000,40000,40000,40000,40000,0,0,
,541014,FUEL VEHICLE MAINT FIRE,15000,15000,15000,15000,15000,15000,18000,18000,0.2,3000,
429 - VEHICLE MAINTENANCE - Total,,,182480,182480,182480,182480,182480,182480,174750,174750,-0.04236080666374397,-7730,
491 - CEMETERY DEPARTMENT,511000,SALARIES DIVISION/DEPT HEADS,59469.38,62480.06,64042.09,62480.06,62480.06,65391.66,65391.66,65391.66,0.04660046741312358,2911.600000000006,
,512106,CEMETERY SEASONAL SALARIES,11785.82,11785.82,11785.82,11785.82,11785.82,11785.82,11785.82,11785.82,0,0,
,513000,SALARIES OVERTIME,2320.49,2000,2000,2000,2000,2000,3500,3500,0.75,1500,
,519010,CONTRACT EVALUATION STIPEND,800,800,800,800,800,800,800,800,0,0,
,514002,LONGEVITY PAY,850,850,850,850,850,850,850,850,0,0,
,558000,UNIFORM ALLOWANCE REIMBURSEMENT,2200,2200,2200,2200,2200,2200,2200,2200,0,0,
PERSONNEL SUBTOTAL:,,,77425.69,80115.88,81677.91,80115.88,80115.88,83027.48000000001,84527.48000000001,84527.48000000001,0.055065238002753085,4411.600000000006,
,531006,PURCHASE OF SERVICES,7500,7500,7500,7500,7500,7500,22000,22000,1.9333333333333333,14500,
,541018,SUPPLIES,10000,10000,10000,10000,10000,10000,3000,3000,-0.7,-7000,
,541019,FUEL CHARGES,2500,2500,2500,2500,2500,2500,3500,3500,0.4,1000,
EXPENSES SUB TOTAL:,,,20000,20000,20000,20000,20000,20000,28500,28500,0.425,8500,
,,,,,,,,,,,,0,
491 - CEMETERY DEPARTMENT - Total,,,97425.69,100115.88,101677.91,100115.88,100115.88,103027.48000000001,113027.48000000001,113027.48000000001,0.12896655355773734,12911.600000000006,
294 - TREE REMOVAL ,513000,SALARIES OVERTIME,3111,3111,3111,3111,3111,3111,3000,3000,-0.03567984570877531,-111,
,531006,PURCHASE OF SERVICE,25000,25000,25000,25000,25000,25000,30000,30000,0.2,5000,
,541018,SUPPLIES,1031.96,1031.96,1031.96,1031.96,1031.96,1031.96,500,500,-0.5154850963215629,-531.96,
294 - TREE REMOVAL - Total,,,29142.96,29142.96,29142.96,29142.96,29142.96,29142.96,33500,33500,0.14950574684246215,4357.040000000001,
650 - PARKS & RECREATION ,511000,SALARY PARK SUPT,22807.65,24581.44,24581.44,24581.44,25095.2,,,,-1,-25095.2,
,512100,SALARIES TOWN BEACH,20000,20000,20000,20000,20000,,,,-1,-20000,
Personnel Sub-Total:,,,42807.65,44581.44,44581.44,44581.44,45095.2,0,0,0,-1,-45095.2,
,531043,DEPARTMENTAL EXPENSES,6400,6400,6400,6400,6400,,,,-1,-6400,
,531006,PURCHASE OF SERVICE,46498,46498,46498,46498,46498,,,,-1,-46498,
Expenses Sub-Total:,,,52898,52898,52898,52898,52898,,,,-1,-52898,
,,,,,,,,,,,,0,
650 - PARKS & RECREATION - Total,,,95705.65,97479.44,97479.44,97479.44,97993.2,0,0,0,-1,-97993.2,
Total:  Department of Public Works,,,1944012.28,2031293.93,2038303.55,2031293.93,2108142.24,2104616.47,2138287.64,2168287.64,0.028530048332981506,60145.39999999991,
192 - PUBLIC BUILDINGS ,521011,ELECTRICITY CHARGES,130000,130000,130000,130000,130000,130000,130000,100000,-0.23076923076923078,-30000,
,521012,HEATING CHARGES/FUEL OIL,34861,34861,34861,34861,34861,34861,34861,34861,0,0,
,521025,HEATING CHARGES/NATURAL GAS,37040,37040,37040,37040,37040,37040,37040,37040,0,0,
,523001,WATER CHARGES,6695,6695,6695,6695,6695,6695,6695,6695,0,0,
,523003,SEWER USEAGE FEE,9857.1,9857.1,9857.1,9857.1,9857.1,9857.1,9857.1,9857.1,0,0,
,521013,RUBBISH REMOVAL,17100,17100,17100,17100,17100,17100,17100,17100,0,0,
192 - PUBLIC BUILDINGS - Total,,,235553.1,235553.1,235553.1,235553.1,235553.1,235553.1,235553.1,205553.1,-0.1273598182320674,-30000,
193 - DIRECTOR OF FACILITIES & GROUNDS,511000,FACILITIES SUPERINTENDENT,62479.93,65642.96,67284.13,65642.96,78642.96,68701.98,68701.98,68701.98,-0.12640648317408207,-9940.98000000001,
,511012,FACILITIES POSITION,50000,46413.94,47574.24,46413.94,46413.94,48576.74,48576.74,48576.74,0.046598069459304586,2162.7999999999956,
,511013,FACILITIES DIRECTOR,,,85000,85000,85000,97862.4,97862.4,97862.4,0.1513223529411764,12862.399999999994,
,513000,SALARIES OVERTIME,2082.53,2082.53,2082.53,2082.53,2082.53,2082.53,2082.53,2082.53,0,0,
,514002,LONGEVITY PAY,850,850,1350,1350,1350,1350,1350,1350,0,0,
,519005,WEEKEND ON CALL STIPEND,6500,6500,6500,6500,6500,6500,6500,6500,0,0,
,519010,CONTRACT EVALUATION STIPEND,1600,1600,1600,1600,1600,1600,1600,1600,0,0,
Personnel Sub-Total:,,,123512.45999999999,123089.43000000001,211390.9,208589.43000000002,221589.43000000002,226673.65,226673.65,226673.65,0.02294432545812303,5084.219999999972,
,531003,CONTRACTED SERVICES/REPAIRS TO TWN BLDGS,225000,225000,225000,225000,225000,225000,240000,240000,0.06666666666666667,15000,
,531042,CONTRACTED CLEANING SERVICES,86000,86000,86000,86000,86000,86000,86000,86000,0,0,
,531006,LAKE SHIRLEY DAM,10000,10000,10000,10000,10000,,,,-1,-10000,
,531039,LANDFILL MONITORING,7500,7500,7500,7500,7500,,,,-1,-7500,
,531041,TEEN CENTER EXPENSES,10000,10000,10000,10000,10000,10000,10000,10000,0,0,
,541001,CUSTODIAL SUPPLIES,7166,7166.16,7166,7166,7166,7166,7166,7166,0,0,
,541002,BUILDING MTC SUPPLIES,15856.5,15856.84,15856.5,15856.5,15856.5,15856.5,15856.5,15856.5,0,0,
,558000,UNIFORM ALLOWANCE REIMBURSEMENT,2200,2200,2200,2200,2200,2200,2200,2200,0,0,
,523005,TOWN SEWER BETTERMENT PAYMENT,76701,76701,76701,76701,76701,76701,76701,76701,0,0,
Expenses Sub-Total:,,,440423.5,440424,440423.5,440423.5,440423.5,422923.5,437923.5,437923.5,,-2500,
193 - DIRECTOR OF FACILITIES & GROUNDS - Total,,,563935.96,563513.43,651814.4,649012.93,662012.93,649597.15,664597.15,664597.15,0.003903579345497031,2584.219999999972,
650 - PARKS & RECREATION ,511000,SALARY PARK SUPT,,,,,,24581.44,25095.2,25095.2,,25095.2,
,512100,SALARIES TOWN BEACH,,,,,,20000,20000,20000,,20000,
,NEW,SALARIES PROGRAMMING,,,,,,,5000,5000,,5000,
Personnel Sub-Total:,,,,0,0,0,,44581.44,50095.2,50095.2,,50095.2,
,531043,DEPARTMENTAL EXPENSES,,,,,,6400,6400,6400,,6400,
,531006,PURCHASE OF SERVICE,,,,,,46498,55000,55000,,55000,
,599999,BACK STOP - MARSHALL PARK,,,,,,,,,,0,
Expenses Sub-Total:,,,,,,,,52898,61400,61400,,61400,
650 - PARKS & RECREATION - Total,,,0,0,0,0,0,97479.44,111495.2,111495.2,,111495.2,
Total:  Facilities & Public Buildings,,,799489.0599999999,799066.53,887367.5,884566.03,897566.03,982629.69,1011645.45,981645.45,0.09367491325401421,84079.41999999993,
433- SOLID WASTE COLLECTION/ DISPOSAL,,,,,,,,,,,,0,
,521026,DEVENS HOUSEHOLD HAZARDOUS WASTE,5600,5600,5600,5600,5600,5600,5600,5600,0,0,
,573000,MASS TOSS COOPERATIVE,7034,7034,7034,7034,7034,7034,7175,7175,0.020045493318168895,141,
,521023,EXPENSE RECYCLING PROGRAM,342000,342000,300000,300000,300000,300000,340000,340000,0.13333333333333333,40000,
,,,,,,,,,,,,0,
433- SOLID WASTE COLLECTION/ DISPOSAL- Total,,,354634,354634,312634,312634,312634,312634,352775,352775,0.12839614373356706,40141,
,,,,,,,,,,,,0,
Total:  Solid Waste,,,354634,354634,312634,312634,312634,312634,352775,352775,0.12839614373356706,40141,
Health & Sanitation,,,,,,,,,,,,,
512 - GENERAL HEALTH EXPENSE,511000,SALARY ADMINISTRATIVE ASSISTANT,41666.5,41516.8,41516.8,41516.8,43197.44,43197.44,43197.44,43197.44,0,0,
,514002,LONGEVITY,1350,1350,1350,1350,1350,1350,1350,1350,0,0,
Personnel Sub-Total:,,,43016.5,42866.8,42866.8,42866.8,44547.44,44547.44,44547.44,44547.44,0,0,
,,,,,,,,,,,,0,
,531006,PURCHASE OF SERVICE,75,75,75,75,75,75,75,75,0,0,
,531031,RABID ANIMAL CONTROL,400,400,400,400,400,400,400,400,0,0,
,534400,POSTAGE,85,85,85,85,85,85,85,85,0,0,
,534500,ADVERTISING,0,0,0,0,0,0,0,0,,0,
,540000,OFFICE SUPPLIES,650,650,650,650,650,650,650,650,0,0,
,571000,MILEAGE REIMBURSEMENT,25,25,25,25,25,25,25,25,0,0,
,541023,EMERGENCY PREPAREDNESS,500,500,500,500,500,500,500,500,0,0,
,573100,MEETINGS/SCHOOL,50,50,50,50,50,50,50,50,0,0,
Expenses Sub-Total:,,,1785,1785,1785,1785,1785,1785,1785,1785,0,0,
,,,,,,,,,,,,0,
512 - GENERAL HEALTH EXPENSE - Total,,,44801.5,44651.8,44651.8,44651.8,46332.44,46332.44,46332.44,46332.44,0,0,
521 - NASHOBA HEALTH ,560010,NASHOBA HEALTH,30032.67,31534.303499999998,36759.84,36759.84,36759.84,36759.84,39516.83,39516.83,0.07500005440720105,2756.9900000000052,
521 - NASHOBA HEALTH - Total,,,30032.67,31534.303499999998,36759.84,36759.84,36759.84,36759.84,39516.83,39516.83,0.07500005440720105,2756.9900000000052,
522 - NASHOBA NURSING ,560011,NASHOBA NURSING,13705.43,14390.701500000001,16848.26,16848.26,16848.26,16848.26,18111.88,18111.88,0.0750000296766552,1263.6200000000026,
522 - NASHOBA NURSING - Total,,,13705.43,14390.701500000001,16848.26,16848.26,16848.26,16848.26,18111.88,18111.88,0.0750000296766552,1263.6200000000026,
299 - INSPECTOR OF ANIMALS ,511000,SALARY INSPECTOR OF ANIMALS,1000,1000,1000,1000,1000,1000,1000,1000,0,0,
299 - INSPECTOR OF ANIMALS - Total,,,1000,1000,1000,1000,1000,1000,1000,1000,0,0,
Total:  Health & Sanitation,,,89539.6,91576.805,99259.9,99259.9,100940.54,100940.54,104961.15000000001,104961.15000000001,0.039831469100522106,4020.610000000015,
541 - COUNCIL ON AGING ,511000,SALARY COA DIRECTOR,74520.24,76773.84,76773.84,76773.84,78373.92,80420,80420,80420,0.02610664363859817,2046.0800000000017,
,511001,SALARIES CLERICAL,34442.45,35804,35804,35804,37252.86,37797.76,37797.76,37797.76,0.01462706487501903,544.9000000000015,
,511003,SALARY MEAL SITE MANAGER,15570.32,15970.5,17329.26,17329.26,19154.46,19783.53,19783.53,19783.53,0.03284195952274299,629.0699999999997,
,511002,SALARY ASST MEAL SITE MANAGER,,,7985.25,7985.25,7985.25,19499.22,19499.22,19499.22,1.441904761904762,11513.970000000001,
,511015,OUTREACH WORKER,29316.86,30202.68,30202.68,30202.68,30838.08,31575.96,42101.28,42101.28,0.36523674625657615,11263.199999999997,
,NEW,ASST OUTREACH WORKER,,,,,,,9063.6,9063.6,,9063.6,
,514002,LONGEVITY,2194.28,2260.05,2260.05,2260.05,2290.54,2367.46,2367.46,2367.46,0.033581600845215574,76.92000000000007,
Personnel Sub-Total:,,,156044.15,161011.06999999998,170355.07999999996,170355.07999999996,175895.11000000002,191443.93,211032.85,211032.85,0.19976530331059225,35137.73999999999,
,530000,PROGRAMS,5000,5000,5000,5000,5000,5000,5000,5000,0,0,
,530100,MOC NUTRITION,300,300,300,300,300,300,300,300,0,0,
,534400,POSTAGE,400,400,400,400,400,400,400,400,0,0,
,534500,ADVERTISING,500,500,500,500,500,500,500,500,0,0,
,540000,OFFICE SUPPLIES,600,600,2600,2600,2600,2600,2600,2600,0,0,
,531012,TRAINING,300,300,300,300,300,300,300,300,0,0,
,573100,MEETINGS/SCHOOL,500,500,500,500,500,500,500,500,0,0,
,571000,MILEAGE REIMBURSEMENT,3674,3674,3674,3674,3674,3674,3674,3674,0,0,
Expenses Sub-Total:,,,11274,11274,13274,13274,13274,13274,13274,13274,0,0,
541 - COUNCIL ON AGING - Total,,,167318.15,172285.06999999998,183629.07999999996,183629.07999999996,189169.11000000002,204717.93,224306.85,224306.85,0.18574776822706407,35137.73999999999,
543 - VETERAN'S ADMINISTRATION ,511000,SALARY VETERANS' AGENT,5000,5000,10000,10000,10000,10000,10000,10000,0,0,
Personnel Sub-Total:,,,5000,5000,10000,10000,10000,10000,10000,10000,0,0,
,540000,OFFICE SUPPLIES,250,250,250,250,250,250,250,250,0,0,
Expenses Sub-Total:,,,250,250,250,250,250,250,250,250,0,0,
543 - VETERAN'S ADMINISTRATION - Total,,,5250,5250,10250,10250,10250,10250,10250,10250,0,0,
544 - VETERANS BENEFITS ,577001,VETERANS BENEFITS,99275,99275,99275,99275,99275,99275,99275,99275,0,0,
544 - VETERANS BENEFITS - Total,,,99275,99275,99275,99275,99275,99275,99275,99275,0,0,
545 - REGISTRAR OF VETERANS GRAVES ,541018,SUPPLIES - REGISTRAR OF GRAVES,500,500,500,500,500,500,500,500,0,0,
545 - REGISTRAR OF VETERANS GRAVES - Total,,,500,500,500,500,500,500,500,500,0,0,
692 - MEMORIAL DAY ,541018,SUPPLIES,750,750,750,750,750,750,750,750,0,0,
692 - MEMORIAL DAY - Total,,,750,750,750,750,750,750,750,750,0,0,
Total:  Veterans,,,105775,105775,110775,110775,110775,110775,110775,110775,0,0,
Public Assistance:,,,273093.15,278060.06999999995,294404.07999999996,294404.07999999996,299944.11,315492.93,335081.85,335081.85,0.11714762460246342,35137.73999999999,
Library,,,,,,,,,,,,,
610 - LUNENBURG PUBLIC LIBRARY ,511000,SALARY LIBRARY DIRECTOR,76175,80745.5,80745.5,80745.5,80745.5,85590.23,85590.23,85590.23,0.05999999999999995,4844.729999999996,
,511002,SALARY ASST LIBRARY DIRECTOR,49846.5,49846.5,49846.5,49846.5,51611.04,52237.86,60485.62,60485.62,0.1719511949381373,8874.580000000002,
,511003,SALARIES STAFF,169419.2,170928.24,201911.92,201911.92,211119.16,216970.43,216970.43,216970.43,0.02771548541591388,5851.2699999999895,
Personnel Sub-Total:,,,295440.7,301520.24,332503.92000000004,332503.92000000004,343475.7,354798.52,363046.28,363046.28,0.05697806278580993,19570.580000000016,
,521006,SEWERAGE DISPOSAL,1000,1000,1000,1000,1000,1000,1000,1000,0,0,
,521011,ELECTRICITY CHARGES,22500,22500,24500,22500,22500,22500,27000,22500,0,0,
,521025,HEATING CHARGES/NATURAL GAS,17000,17000,18500,18500,18500,18500,18500,18500,0,0,
,523001,WATER CHARGES,800,800,800,800,800,800,1000,1000,0.25,200,
,524300,NETWORK MAINTENANCE,500,500,500,500,500,500,500,500,0,0,
,524400,BOOK SERVICE,4500,4500,4500,4500,4500,4500,4500,4500,0,0,
,530000,PROGRAMS,5000,5000,8000,8000,8000,8000,11000,11000,0.375,3000,
,531003,CONTRACTED SERVICES,2500,2500,2500,2500,2500,2500,2500,2500,0,0,
,534400,POSTAGE,300,300,300,300,300,300,900,900,2,600,
,540000,OFFICE SUPPLIES,4800,4800,4800,4800,4800,4800,6000,6000,0.25,1200,
,541100,CUSTODIAL SUPPLIES,300,300,300,300,300,300,300,300,0,0,
,551000,LIBRARY MATERIAL,70000,70000,76000,76000,76000,76000,85500,85500,0.125,9500,
,531021,NETWORK (CWMARS),14000,14000,19880,19880,19880,19880,19880,19880,0,0,
,571000,MILEAGE REIMBURSEMENT,900,900,900,900,900,900,2000,2000,1.2222222222222223,1100,
,NEW,PURCHASE TECHNOLOGY,0,0,8000,0,0,0,18000,0,,0,
Expenses Sub-Total:,,,144100,144100,170480,160480,160480,160480,198580,176080,0.09720837487537388,15600,
610 - LUNENBURG PUBLIC LIBRARY - Total,,,439540.7,445620.24,502983.92000000004,492983.92000000004,503955.7,515278.52,561626.28,539126.28,0.06978903105967452,35170.580000000016,
Debt Service,,,,,,,,,,,,,
710 - PRINCIPAL SERIAL LOANS ,590001,SERIAL LOANS PRINCIPAL,3178668.94,3220578.72,3220578.72,3220578.72,3220578.72,2335199.75,2335199.75,2335199.75,-0.2749130038342923,-885378.9700000002,
710 - PRINCIPAL SERIAL LOANS - Total,,,3178668.94,3220578.72,3220578.72,3220578.72,3220578.72,2335199.75,2335199.75,2335199.75,-0.2749130038342923,-885378.9700000002,
751 - INTEREST SERIAL LOANS ,590002,SERIAL LOANS INTEREST,1380528.69,1272700.6,1272700.6,1272700.6,1272700.6,1169576.83,1169576.83,1169576.83,-0.08102751739097162,-103123.77000000002,
751 - INTEREST SERIAL LOANS - Total,,,1380528.69,1272700.6,1272700.6,1272700.6,1272700.6,1169576.83,1169576.83,1169576.83,-0.08102751739097162,-103123.77000000002,
752 - INTEREST TEMPORARY LOANS ,590003,TEMPORARY LOAN INTEREST,,1824.9,1824.9,1824.9,1824.9,11405.65,11405.65,11405.65,5.250013699380788,9580.75,
752 - INTEREST TEMPORARY LOANS - Total,,,0,1824.9,1824.9,1824.9,1824.9,11405.65,11405.65,11405.65,5.250013699380788,9580.75,
,,,0,0,0,0,0,0,0,0,,0,
753 - BOND ISSUANCE COSTS,590003,BOND ISSUANCE COSTS,0,0,0,0,0,0,0,0,,0,
752 - BOND ISSUANCE COSTS - Total,,,0,0,0,0,0,0,0,0,,0,
754 - LOAN ADMINISTRATIVE FEES ,590003,LOAN ADMINISTRATIVE FEES,3395.97,2619.13,2619.13,2619.13,2619.13,1830.58,1830.58,1830.58,-0.30107325715027516,-788.5500000000002,
754 - LOAN ADMINISTRATIVE FEES - Total,,,3395.97,2619.13,2619.13,2619.13,2619.13,1830.58,1830.58,1830.58,-0.30107325715027516,-788.5500000000002,
Total:  Debt Service,,,4562593.6,4497723.350000001,4497723.350000001,4497723.350000001,4497723.350000001,3518012.81,3518012.81,3518012.81,-0.21782365516100505,-979710.5400000005,
Retirement Assessment,,,,,,,,,,,,,
820 - WORCESTER COUNTY RETIREMENT ,560001,Employer Normal Costs,,,,,,,,,,0,
,,Payment on Unfunded Accrued Liability,,,,,,,,,,0,
,,Discount for July 1 Payment in full,,,,,,,,,,0,
,,,,,,,,,,,,0,
820 - WORCESTER COUNTY RETIREMENT - Total,,,1531070,1684177.0000000002,1689147,1689147,1689147,1917969,1917969,1917969,0.1354660073990008,228822,
Cherry Sheet Charges,,,,,,,,,,,,,
825 - STATE ASSESSMENTS ,560002,MVE SURCHARGE,13500,13500,11700,11700,11700,11700,11700,11700,0,0,
,560003,MOSQUITO CONTROL,79854,79854,81854,81854,81854,81854,81872,81791,-0.0007696630586165612,-63,
,560004,AIR POLLUTION CONTROL,3564,3564,3619,3619,3619,3619,3619,3619,0,0,
,560005,REGIONAL TRANSIT,61901,61901,63313,63313,63313,63313,63313,63313,0,0,
,560006,SPECIAL EDUCATION,386,386,0,0,0,0,0,0,,0,
,560007,MASS BAY TRANSPORTATION,18503,18503,19146,19146,19146,19146,19146,19146,0,0,
,560013,CHOICE TUITION ASSESSMENT,507783,507783,461823,461823,515721,515721,515721,515721,0,0,
,560014,CHARTER TUITION ASSESSMENT,417237,417237,493476,493476,486889,486889,486889,486889,0,0,
825 - STATE ASSESSMENTS - Total,,,1102728,1102728,1134931,1134931,1182242,1182242,1182260,1182179,-5.3288582202290225e-05,-63,
831 - COUNTY TAX ,560009,COUNTY TAX,0,0,0,0,0,0,0,0,,0,
831 - COUNTY TAX - Total,,,0,0,0,0,0,0,0,0,,0,
,,,,,,,,,,,,0,
Total:  Cherry Sheet Charges,,,1102728,1102728,1134931,1134931,1182242,1182242,1182260,1182179,-5.3288582202290225e-05,-63,
Unclassified,,,,,,,,,,,,,
691 - HISTORICAL COMMISSION ,521001,OFFICE EQUIPMENT MTC,2500,2500,2500,2500,2500,2500,2500,2500,0,0,
,540000,OFFICE SUPPLIES,500,500,500,500,500,500,500,500,0,0,
691 - HISTORICAL COMMISSION - Total,,,3000,3000,3000,3000,3000,3000,3000,3000,0,0,
693 - BAND CONCERTS ,520000,BAND CONCERT,4200,4200,6000,6000,6000,6000,6000,6000,0,0,
693 - BAND CONCERTS - Total,,,4200,4200,6000,6000,6000,6000,6000,6000,0,0,
841 - MONTACHUSETT PLANNING COMM ,570007,MONTACHUSETT PLANNING COMM,3708.04,3708.04,4158.25,4158.25,4158.25,4158.25,4262.2,4262.2,0.024998496963866967,103.94999999999982,
841 - MONTACHUSETT PLANNING COMM - Total,,,3708.04,3708.04,4158.25,4158.25,4158.25,4158.25,4262.2,4262.2,0.024998496963866967,103.94999999999982,
,,,,,,,,,,,,0,
912 - WORKERS COMPENSATION ,570005,WORKERS COMPENSATION,146832,154173.6,154173.6,154173.6,154173.6,161882.28,161882.28,161882.28,0.049999999999999954,7708.679999999993,
912 - WORKERS COMPENSATION - Total,,,146832,154173.6,154173.6,154173.6,154173.6,161882.28,161882.28,161882.28,0.049999999999999954,7708.679999999993,
913 - UNEMPLOYMENT COMPENSATION - Total,570008,UNEMPLOYMENT COMPENSATION,10000,10000,10000,10000,10000,10000,10000,10000,0,0,
913 - UNEMPLOYMENT COMPENSATION ,,,10000,10000,10000,10000,10000,10000,10000,10000,0,0,
914 - INSURANCE ,570001,HEALTH INSURANCE,781787.76,844330.7808000001,828695.0256,828695.0256,825255.1594560001,916098.897168,1127991.77,1127991.77,0.3668400095111927,302736.61054399994,
,570009,TOWN RETIREE HEALTH INSURANCE,394760.32,414498.336,414498.336,414498.336,414498.336,435223.2528,444911.39,444911.39,0.07337316307103342,30413.054000000004,
,570018,SCHOOL RETIREE HEALTH INSURANCE,1149925.23,1207421.4915,1207421.4915,1207421.4915,1207421.4915,1267792.566075,1323064.91,1323064.91,0.09577717417994122,115643.41849999991,
,570002,LIFE INSURANCE,15000,15000,15000,15000,15000,15000,15000,15000,0,0,
,570003,MEDICARE,300635,300635,320560,320560,320560,320560,341070,341070,0.06398178188170701,20510,
,570016,PEC CHAPTER 32B EXPENSES,500,500,500,500,500,500,500,500,0,0,
,570004,INSURANCE COST CONTROL,8000,8000,8000,8000,8000,8000,8000,8000,0,0,
914 - INSURANCE - Total,,,2650608.31,2790385.6083,2794674.8531,2794674.8531,2791234.9869560003,2963174.716043,3260538.0700000003,3260538.0700000003,0.16813456596708884,469303.08304399997,
945 - LIABILITY INSURANCE ,570010,PROPERTY LIABILITY INSURANCE,141491,148565.55000000002,148565.55000000002,148565.55000000002,148565.55000000002,155993.8275,155993.8275,155993.8275,0.04999999999999997,7428.2774999999965,
,570010,EMPLOYEE BONDS,2079,2079,2079,2079,2079,2182.9500000000003,2182.9500000000003,2182.9500000000003,0.050000000000000135,103.95000000000027,
,570010,POLICE & FIRE IOD,61870.6,61870.6,61870.6,61870.6,61870.6,64964.130000000005,64964.130000000005,64964.130000000005,0.0500000000000001,3093.530000000006,
,570010,CLEARGOV CONTRACT,6792,10329.08,10329.08,10329.08,10329.08,10845.534,10845.534,10845.534,0.049999999999999975,516.4539999999997,
,573100,TRAINING,2800,2800,2800,2800,2800,2800,15000,15000,4.357142857142857,12200,
945 - LIABILITY INSURANCE - Total,,,215032.6,225644.23,225644.23,225644.23,225644.23,236786.44150000002,248986.44150000002,248986.44150000002,0.10344696826504274,23342.211500000005,
,578000,RESERVE FUND TRANSFERS,75000,75000,75000,75000,75000,75000,75000,75000,0,0,
132 - RESERVE FUND - Total,,,75000,75000,75000,75000,75000,75000,75000,75000,0,0,
,578000,SALARY RESERVE FUND TRANSFERS,0,64000,64000,64000,64000,64000,100000,100000,0.5625,36000,
,517000,RETIREMENT BUYBACK,6504.82,30000,30000,30000,30000,30000,30000,30000,0,0,
133 - SALARY RESERVE - Total,,,6504.82,94000,94000,94000,94000,94000,130000,130000,0.3829787234042553,36000,
195 - TOWN REPORTS & TOWN MEETING,,,,,,,,,,,,,
,534200,PRINTING,7000,7000,7000,7000,7000,7000,7000,7000,0,0,
,534400,POSTAGE,5000,5000,5000,5000,5000,5000,5000,5000,0,0,
195 - TOWN REPORTS - Total,,,12000,12000,12000,12000,12000,12000,12000,12000,0,0,
525 - PHYSICALS ,531034,PHYSICALS,3500,3500,3500,3500,3500,3500,3500,3500,0,0,
525 - PHYSICALS - Total,,,3500,3500,3500,3500,3500,3500,3500,3500,0,0,
Total:  Unclassified,,,3130385.77,3375611.4783,3382150.9331,3382150.9331,3378711.0669560004,3569501.687543,3915168.9915000005,3915168.9915000005,0.15877591007724548,536457.9245440001,
,,,,,,,,,,,,0,
,,sub-total:  All Departments,42530235.74,43728199.57954999,44321381.97310001,44337244.7831,44574182.356956005,44918784.222543,45764217.43150001,45671165.7015,0.024610285293832298,1096983.3445439935,
