===PAGE 1===
Lunenburg Public Schools
FY23 Quarterly Budget Update May 03, 2023
ORG OBJ Account Description Original Budget Transfers Revised Budget Expended Encumbrances Account Balance % Used
Salary & Wages District  
S1990991 519103 SCHOOL STIPENDS 18,000.00 937.00 18,937.00 540.00 0.00 18,397.00 2.90
S1010031 511001 SALARY HUMAN RESOURCES DIRECTO 64,250.00 0.00 64,250.00 53,172.50 0.00 11,077.50 82.80
S2510061 511001 DISTRICT WIDE SPECIALISTS 168,623.00 0.00 168,623.00 105,104.08 0.00 63,518.92 62.30
S1011021 511001 SUPERINTENDENT'S SALARY 171,000.00 0.00 171,000.00 141,517.15 0.00 29,482.85 82.80
S1011021 511002 ASST/SECRETARY SALARIES 125,935.00 414.00 126,349.00 106,120.21 0.00 20,228.79 84.00
S1011021 513002 BROOKS HOUSE SECRETARIAL O/T 1,000.00 1,000.00 2,000.00 1,971.74 0.00 28.26 197.20
S1011031 511001 BUSINESS MANAGER'S SALARY 64,250.00 0.00 64,250.00 53,172.29 0.00 11,077.71 82.80
S1011031 511002 BUSINESS OFFICE SALARIES 10,478.00 0.00 10,478.00 10,478.00 0.00 0.00 137.30
S2996101 511001 INSTR SERV DIRECTOR SALARY 70,800.00 0.00 70,800.00 70,800.00 0.00 0.00 137.90
S1011521 511003 SALARIES STAFF 149,870.00 0.00 149,870.00 129,454.34 0.00 20,415.66 86.40
S1011521 519003 WEBMASTER STIPENDS 6,000.00 0.00 6,000.00 0.00 0.00 6,000.00 0.00
S2011051 511001 STUDENT SERV COORDINATOR SALRY 136,000.00 3,500.00 139,500.00 115,448.26 0.00 24,051.74 82.80
S2511051 511002 SPECIAL EDUCATION CLERICAL 56,783.00 2,550.00 59,333.00 44,368.58 0.00 14,964.42 74.80
S2511061 511001 SPED SPECIALISTS/SYSTEM SALRY 267,565.00 0.00 267,565.00 176,659.48 0.00 90,905.52 66.00
S2511061 511003 SPED SUMMER PROGRAM SALARIES 41,000.00 0.00 41,000.00 39,999.86 0.00 1,000.14 97.60
S0511061 519015 HOME/HOSPITAL TUTORING 10,000.00 0.00 10,000.00 0.00 0.00 10,000.00 0.00
S3991561 519005 NURSE COORDINATOR STIPEND 2,600.00 52.00 2,652.00 715.79 0.00 1,936.21 27.00
S4991741 511003 MAINTENANCE SALARIES/SYSTEM 314,262.00 -2,500.00 311,762.00 246,598.14 0.00 65,163.86 78.80
S4991741 513003 MAINTENANCE OVERTIME-SYSTEM 13,000.00 0.00 13,000.00 11,073.62 0.00 1,926.38 85.20
S4991741 519003 CLOTHING ALLOWANCE-MAINTENANCE 6,278.00 1,300.00 7,578.00 6,277.50 0.00 1,300.50 82.80
S0990991 517006 SCHOOL SALARY RESERVE 10,996.00 -10,996.00 0.00 0.00 0.00 0.00 0.00
Salary & Wages ACE Program  
S2511061 511025 ACE RESOURCE ROOM TEACHERS 75,499.00 10,079.00 85,578.00 59,246.28 0.00 26,331.72 69.20
S2511131 511203 PARAPROFESSIONALS 26,949.00 0.00 26,949.00 18,279.23 0.00 8,669.77 67.80
Salary & Wages Lunenburg Primary School  
S2072081 511001 P.S. PRINCIPAL/ASST PRINCIPAL 208,444.00 0.00 208,444.00 166,748.20 0.00 41,695.80 80.00
S2072081 511002 P.S. ADMINISTRATIVE SECRETARY 53,609.00 1,341.00 54,950.00 45,882.36 0.00 9,067.64 83.50
S2072081 511102 P.S. CLERK TYPIST 8,080.00 0.00 8,080.00 7,164.52 0.00 915.48 88.70
S2072081 513002 P.S. SECRETARIAL OVERTIME 1,000.00 -100.00 900.00 567.95 0.00 332.05 56.80
S2032101 511001 KINDERGARTEN TEACHERS/REGULAR 545,194.00 -56,816.00 488,378.00 272,895.30 0.00 215,482.70 55.90
S2072101 511001 P.S. TEACHERS/REGULAR 1,033,548.00 28,509.00 1,062,057.00 709,977.04 0.00 352,079.96 66.80
S2072541 517000 RETIREMENT/LONGEVITY STIPENDS 10,000.00 0.00 10,000.00 8,461.58 0.00 1,538.42 84.60
S2512061 511001 P.S. SPECIAL ED TEACHERS 549,972.00 0.00 549,972.00 372,838.81 0.00 177,133.19 67.80
S3512061 511001 P.S. SPEECH PATHOLOGIST SALARY 185,695.00 5,071.00 190,766.00 132,068.70 0.00 58,697.30 69.20
S2022711 511003 P.S. LONG TERM SUBSTITUTES 15,000.00 -8,000.00 7,000.00 1,040.00 0.00 5,960.00 14.90
S2022711 512103 P.S. REGULAR SUBSTITUTES 15,000.00 -3,000.00 12,000.00 7,050.00 0.00 4,950.00 58.80
S2032711 512103 KINDERGARTEN REGULAR SUBS 4,000.00 0.00 4,000.00 1,855.00 0.00 2,145.00 46.40
S2512711 512103 P.S. SPED SUBSTITUTES 20,000.00 -8,000.00 12,000.00 7,874.95 0.00 4,125.05 65.60
S2032131 511203 KIND PARAPROFESSIONALS/REG 145,311.00 -55,830.00 89,481.00 58,698.00 0.00 30,783.00 65.60
===PAGE 2===
Lunenburg Public Schools
FY23 Quarterly Budget Update May 03, 2023
ORG OBJ Account Description Original Budget Transfers Revised Budget Expended Encumbrances Account Balance % Used
S2072111 511203 PARAPROFESSIONALS 9,584.00 -9,584.00 0.00 0.00 0.00 0.00 0.00
S2512131 511203 P.S. SPED PARAPROFESSIONALS 244,972.00 20,000.00 264,972.00 213,797.43 0.00 51,174.57 80.70
S2077591 511003 P.S. LIBRARIANS 44,050.00 0.00 44,050.00 29,474.64 0.00 14,575.36 66.90
S2072651 511024 SOCIAL WORKERS SALARIES 62,909.00 56,618.00 119,527.00 82,748.88 0.00 36,778.12 69.20
S3042561 511003 P.S. NURSES 74,454.00 -10,452.00 64,002.00 44,597.51 0.00 19,404.49 69.70
S4072741 511003 PRIMARY SCHOOL CUSTODIANS 116,277.00 0.00 116,277.00 97,263.19 0.00 19,013.81 83.60
S4072741 513003 P.S. CUSTODIANS OVERTIME 6,500.00 0.00 6,500.00 3,747.10 0.00 2,752.90 57.60
Salary & Wages Turkey Hill Elementary School  
S2014081 511001 E.S. PRINCIPAL/ASST PRINCIPAL 221,855.00 -6,173.00 215,682.00 176,623.41 0.00 39,058.59 81.90
S2014081 511002 E.S. ADMINISTRATIVE SECRETARY 40,051.00 7,805.00 47,856.00 39,605.76 0.00 8,250.24 82.80
S2014081 511102 E.S. CLERK TYPIST 8,565.00 442.00 9,007.00 7,451.08 0.00 1,555.92 82.70
S2014081 513002 E.S. SECRETARIAL OVERTIME 1,000.00 -600.00 400.00 0.00 0.00 400.00 0.00
S2044101 511001 E.S. TEACHERS/REGULAR 1,469,090.00 -3,596.00 1,465,494.00 1,062,165.31 0.00 403,328.69 72.50
S2044541 517000 RETIREMENT/LONGEVITY STIPENDS 5,000.00 0.00 5,000.00 5,000.00 0.00 0.00 100.00
S2514061 511001 ES SPED RESOURCE ROOM TEACHER 357,407.00 4,615.00 362,022.00 259,526.89 0.00 102,495.11 71.70
S3514061 511001 E.S. SPEECH PATHOLOGIST SALRY 31,455.00 0.00 31,455.00 21,776.04 0.00 9,678.96 69.20
S2044711 511003 E.S. LONG TERM SUBSTITUTES 3,000.00 0.00 3,000.00 0.00 0.00 3,000.00 0.00
S2044711 512103 E.S. REGULAR SUBSTITUTES 12,000.00 5,000.00 17,000.00 15,175.00 0.00 1,825.00 89.30
S2514711 512203 E.S. SPED SUBSTITUTES 15,500.00 0.00 15,500.00 13,316.25 0.00 2,183.75 85.90
S2044111 511203 E.S. LIBRARY PARAPROFESSIONALS 9,584.00 -9,584.00 0.00 0.00 0.00 0.00 0.00
S2514131 511203 E.S. SPED PARAPROFESSIONALS 244,753.00 -60,000.00 184,753.00 153,284.42 0.00 31,468.58 83.00
S2044591 511001 E.S. LIBRARIAN 93,168.00 -28,509.00 64,659.00 29,474.64 0.00 35,184.36 45.60
S2044651 511001 E.S. GUIDANCE COUNSELOR 85,778.00 0.00 85,778.00 59,384.70 0.00 26,393.30 69.20
S2044061 511023 PSYCHOLOGISTS SALARIES 68,567.00 950.00 69,517.00 57,376.49 0.00 12,140.51 82.50
S3044561 511003 E.S. NURSES 67,944.00 0.00 67,944.00 47,038.14 0.00 20,905.86 69.20
S4044741 511003 E.S. CUSTODIANS 117,791.00 0.00 117,791.00 104,836.32 0.00 12,954.68 89.00
S4044741 513003 OVERTIME E.S. CUSTODIANS 4,000.00 1,200.00 5,200.00 4,538.23 0.00 661.77 113.50
Salary & Wages Lunenburg Middle School  
S2015081 511001 M.S. PRINCIPALS/ASST PRINCIPAL 231,054.00 -37,778.00 193,276.00 146,431.38 0.00 46,844.62 75.80
S2015081 511002 M.S. ADMINISTRATIVE SECRETARY 48,402.00 414.00 48,816.00 39,339.74 0.00 9,476.26 80.60
S2015081 511102 M.S. CLERK TYPIST 16,361.00 430.00 16,791.00 13,151.45 0.00 3,639.55 78.30
S2015081 513002 M.S. SECRETARIAL OVERTIME 1,000.00 -200.00 800.00 490.52 0.00 309.48 49.10
S2055101 511001 M.S. TEACHERS/REGULAR 2,004,187.00 0.00 2,004,187.00 1,403,216.54 0.00 600,970.46 70.00
S2055541 517000 RETIREMENT/LONGEVITY STIPENDS 12,500.00 0.00 12,500.00 9,346.14 0.00 3,153.86 74.80
S2055541 517005 MASTER TEACHER STIPENDS 0.00 5,000.00 5,000.00 3,602.70 0.00 1,397.30 72.10
S2515061 511001 MS SPED RESOURCE ROOM TEACHERS 422,911.00 0.00 422,911.00 302,676.12 0.00 120,234.88 71.60
S3515061 511001 M.S. SPEECH PATHOLOGIST SALRY 15,727.00 0.00 15,727.00 10,888.20 0.00 4,838.80 69.20
S2055711 511003 M.S. LONG TERM SUBSTITUTES 3,000.00 0.00 3,000.00 1,500.00 0.00 1,500.00 50.00
S2055711 512103 M.S. REGULAR SUBSTITUTES 11,000.00 10,000.00 21,000.00 22,745.00 0.00 -1,745.00 108.30
S2515711 512203 M.S. SPED SUBSTITUTES 8,500.00 0.00 8,500.00 8,070.00 0.00 430.00 94.90
S2515131 511203 M.S. SPEC ED PARAPROFESSIONALS 249,148.00 20,000.00 269,148.00 209,174.16 0.00 59,973.84 77.70
===PAGE 3===
Lunenburg Public Schools
FY23 Quarterly Budget Update May 03, 2023
ORG OBJ Account Description Original Budget Transfers Revised Budget Expended Encumbrances Account Balance % Used
S2055591 511001 M.S. LIBRARIAN 48,484.00 0.00 48,484.00 33,565.86 0.00 14,918.14 69.20
S2055651 511001 M.S. GUIDANCE COUNSELORS 99,698.00 0.00 99,698.00 59,379.84 0.00 40,318.16 59.60
S2055061 511023 PSYCHOLOGISTS SALARIES 41,723.00 0.00 41,723.00 28,884.78 0.00 12,838.22 69.20
S3055561 511003 M.S. NURSES 63,749.00 -11,537.00 52,212.00 43,770.45 0.00 8,441.55 83.80
S4055741 511003 M.S. CUSTODIANS 138,515.00 0.00 138,515.00 116,886.07 0.00 21,628.93 84.40
S4055741 513003 OVERTIME-M.S. CUSTODIANS 6,500.00 0.00 6,500.00 2,558.56 0.00 3,941.44 39.40
Salary & Wages Lunenburg High School  
S2016081 511001 H.S. PRINCIPAL/ASST PRINCIPAL 230,520.00 37,778.00 268,298.00 219,151.44 0.00 49,146.56 81.70
S2016081 511002 H.S. ADMINISTRATIVE SECRETARY 48,402.00 414.00 48,816.00 39,339.79 0.00 9,476.21 80.60
S2016081 511102 H.S. CLERK TYPIST 16,361.00 430.00 16,791.00 13,151.47 0.00 3,639.53 78.30
S2016081 513002 H.S. SECRETARIAL OVERTIME 1,000.00 -100.00 900.00 563.72 0.00 336.28 56.40
S2066101 511001 H.S. TEACHERS/REGULAR 2,759,159.00 0.00 2,759,159.00 1,895,134.21 0.00 864,024.79 68.70
S2066541 517000 RETIREMENT/LONGEVITY STIPENDS 12,500.00 -5,000.00 7,500.00 4,500.18 0.00 2,999.82 60.00
S2516061 511001 HS SPED RESOURCE ROOM TEACHER 470,225.00 -5,000.00 465,225.00 264,542.58 0.00 200,682.42 56.30
S3516061 511001 H.S. SPEECH PATHOLOGIST SALARY 15,727.00 0.00 15,727.00 10,888.20 0.00 4,838.80 69.20
S2066711 511003 H.S. LONG TERM SUBSTITUTES 3,000.00 0.00 3,000.00 1,200.00 0.00 1,800.00 40.00
S2066711 512103 H.S. REGULAR SUBSTITUTES 27,000.00 0.00 27,000.00 21,342.50 0.00 5,657.50 79.00
S2516711 511003 H.S. SPED LONG TERM SUBS 0.00 8,000.00 8,000.00 8,640.00 0.00 -640.00 108.00
S2516711 512203 H.S. SPED SUBSTITUTES 8,500.00 5,000.00 13,500.00 12,870.00 0.00 630.00 151.40
S2066131 511203 H.S. PARAPROFESSIONALS 0.00 55,830.00 55,830.00 24,325.99 0.00 31,504.01 43.60
S2516131 511203 HS SPEC ED PARAPROFESSIONALS 248,937.00 20,000.00 268,937.00 207,891.11 0.00 61,045.89 77.30
S2066591 511001 H.S. LIBRARIAN 48,484.00 0.00 48,484.00 33,565.86 0.00 14,918.14 69.20
S2066651 511001 H.S. GUIDANCE COUNSELORS 146,140.00 0.00 146,140.00 101,035.26 0.00 45,104.74 69.10
S2066651 511002 H.S. GUIDANCE SECRETARY 41,872.00 0.00 41,872.00 34,116.63 0.00 7,755.37 81.50
S2066651 511003 HS SUMMER GUIDANCE SCHEDULING 5,273.00 0.00 5,273.00 0.00 0.00 5,273.00 0.00
S2066651 511024 SOCIAL WORKERS SALARIES 75,920.00 1,676.00 77,596.00 53,720.28 0.00 23,875.72 69.20
S2066061 511023 PSYCHOLOGISTS SALARIES 41,723.00 0.00 41,723.00 28,884.78 0.00 12,838.22 69.20
S3066561 511003 H.S. NURSES 63,749.00 0.00 63,749.00 44,133.84 0.00 19,615.16 69.20
S3066701 519003 H.S. AFTER SCHOOL ADVISORS 12,253.00 0.00 12,253.00 3,734.05 0.00 8,518.95 30.50
S4066741 511003 H.S. CUSTODIANS 138,515.00 0.00 138,515.00 116,931.34 0.00 21,583.66 84.40
S4066741 513003 OVERTIME-H.S. CUSTODIANS 6,500.00 0.00 6,500.00 2,558.89 0.00 3,941.11 39.40
Salary & Wages Athletics Department  
S3066671 511026 ATHLETIC DIRECTOR'S SALARY 93,700.00 -1,934.00 91,766.00 70,804.65 0.00 20,961.35 75.60
S3066671 511029 ATHLETIC TRAINER 53,520.00 0.00 53,520.00 41,580.00 0.00 11,940.00 77.70
S3066671 514003 SPECIAL DETAIL/ATHLETIC EVENTS 5,000.00 0.00 5,000.00 3,705.42 0.00 1,294.58 74.10
S3066671 519003 ATHLETIC COACHES 98,417.00 1,934.00 100,351.00 100,350.50 0.00 0.50 102.00
S3066671 519104 P/R UNIFIED SPORTS COACH 3,925.00 0.00 3,925.00 1,200.00 0.00 2,725.00 30.60
===PAGE 4===
Lunenburg Public Schools
FY23 Quarterly Budget Update May 03, 2023
ORG OBJ Account Description Original Budget Transfers Revised Budget Expended Encumbrances Account Balance % Used
Expenses District 
S1011012 535001 SC CONFERENCE EXPENSES 250.00 0.00 250.00 0.00 0.00 250.00 0.00
S1011012 535003 SC DUES/MEETINGS 5,000.00 0.00 5,000.00 3,860.00 0.00 1,140.00 77.20
S1011012 535005 SC CLASSIFIED ADS 1,000.00 -180.00 820.00 230.00 470.40 119.60 85.40
S1011012 545001 SC GENERAL SUPPLIES 100.00 0.00 100.00 79.96 16.78 3.26 280.00
S1011022 534400 SUPT POSTAGE 5,000.00 0.00 5,000.00 3,915.29 1,084.71 0.00 168.40
S1011022 545001 SUPT GENERAL SUPPLIES 1,000.00 0.00 1,000.00 360.50 120.00 519.50 48.10
S1011032 535006 BUSINESS OFF CONTRACTED SERVICES 6,000.00 0.00 6,000.00 5,400.00 600.00 0.00 217.50
S1011032 535030 BUSINESS OFF ADMIN CONTRACTED TSA 1,600.00 0.00 1,600.00 830.96 0.00 769.04 51.90
S1011032 545001 BUSINESS OFF GENERAL SUPPLIES 5,200.00 0.00 5,200.00 3,289.45 1,875.36 35.19 131.80
S4011012 535004 SC COUNSEL/LEGAL EXPENSES 45,000.00 0.00 45,000.00 25,231.25 17,968.75 1,800.00 96.00
S2991102 555027 CURRICULUM ADOPTION 40,000.00 0.00 40,000.00 23,819.66 8,549.75 7,630.59 80.90
S7991102 585003 NEW EQUIPMENT/SYSTEM 5,000.00 0.00 5,000.00 4,244.33 1,065.65 -309.98 127.80
S2991502 535015 PROFESSIONAL DEVELOPMENT 25,000.00 0.00 25,000.00 11,861.00 4,200.00 8,939.00 64.20
S3991562 535017 SCHOOL PHYSICIAN STIPEND 3,500.00 0.00 3,500.00 3,500.00 0.00 0.00 100.00
S3991562 545002 NURSING OFFICE SUPPLIES/MATERIALS 4,300.00 0.00 4,300.00 2,633.78 1,575.11 91.11 97.90
S3991562 575001 NURSING TRAVEL/OTHER EXPENSES 620.00 0.00 620.00 0.00 620.00 0.00 100.00
S1011022 535003 NURSING DUES/MEETINGS 5,000.00 2,753.00 7,753.00 7,752.11 0.00 0.89 100.00
S3991692 535025 REGULAR TRANSPORTAION EXPENSES 807,975.00 0.00 807,975.00 586,530.00 221,445.00 0.00 100.00
S5991992 570001 HEALTH INSURANCE 2,845,917.00 -2,573.00 2,843,344.00 2,331,772.86 0.00 511,571.14 82.00
S5991992 570008 UNEMPLOYMENT COMPENSATION 20,500.00 17,000.00 37,500.00 36,729.63 0.00 770.37 97.90
Expenses Special Services  
S2511052 545001 GENERAL SUPPLIES 800.00 0.00 800.00 219.36 580.64 0.00 100.00
S2511062 535007 COLLABORATIVE ADMIN FEES 2,500.00 0.00 2,500.00 2,500.00 0.00 0.00 100.00
S1511062 535011 HOSPITAL TUTORING 3,000.00 3,000.00 6,000.00 4,435.86 1,564.14 0.00 200.00
S2510042 545001 ELL GENERAL SUPPLIES 5,000.00 0.00 5,000.00 2,104.91 718.00 2,177.09 56.50
S1511062 535012 CONTRACT RELATED SERVICES 103,000.00 0.00 103,000.00 44,227.69 57,671.31 1,101.00 142.60
S1511062 535013 CONTRACTED EVALUATIONS 6,000.00 0.00 6,000.00 0.00 0.00 6,000.00 0.00
S3511062 545001 GENERAL SUPPLIES 3,000.00 0.00 3,000.00 2,269.67 0.00 730.33 75.70
S8511062 555007 TESTING MATERIALS 10,000.00 0.00 10,000.00 8,608.06 570.94 821.00 91.80
S7511062 585001 SPECIAL ED EQUIPMENT 7,000.00 0.00 7,000.00 1,730.56 0.00 5,269.44 24.70
S0511062 535019 SPED TUITIONS-PRIVATE 303,364.00 0.00 303,364.00 64,327.81 108,657.48 130,378.71 42.20
S5511062 535023 COLLABORATIVE TUITIONS 186,554.00 0.00 186,554.00 142,256.25 44,297.75 0.00 100.00
S3991692 535026 SPECIAL ED TRANSPORTATION 329,360.00 -3,000.00 326,360.00 198,319.33 84,542.59 43,498.08 85.90
S2991992 571000 MILEAGE REIMBURSEMENT 1,500.00 0.00 1,500.00 904.82 0.00 595.18 60.30
S2511062 545001 ACE GENERAL SUPPLIES 5,000.00 0.00 5,000.00 883.30 276.67 3,840.03 23.20
===PAGE 5===
Lunenburg Public Schools
FY23 Quarterly Budget Update May 03, 2023
ORG OBJ Account Description Original Budget Transfers Revised Budget Expended Encumbrances Account Balance % Used
Expenses Grounds and Facilities  
S4991742 541001 CUSTODIAL SUPPLIES 47,443.00 -4,000.00 43,443.00 43,098.92 78.93 265.15 99.40
S1991742 521012 HEATING CHARGES/FUEL OIL 1,042.00 0.00 1,042.00 786.55 0.00 255.45 75.50
S1991742 521025 HEATING CHARGES/NATURAL GAS 98,151.00 14,500.00 112,651.00 96,745.54 15,626.34 279.12 101.60
S3991742 521006 SEWERAGE DISPOSAL 21,992.00 0.00 21,992.00 18,350.93 3,641.07 0.00 130.50
S3991742 521011 ELECTRICITY CHARGES 156,457.00 -3,700.00 152,757.00 107,140.15 45,618.23 -1.38 100.00
S3991742 521013 RUBBISH REMOVAL CHARGES 22,945.00 0.00 22,945.00 15,847.25 5,235.70 1,862.05 91.90
S3991742 521014 TELEPHONE CHARGES 11,904.00 0.00 11,904.00 7,200.87 4,703.13 0.00 100.00
S3991742 523001 WATER CHARGES 22,755.00 0.00 22,755.00 22,491.66 508.34 -245.00 101.10
S3991742 535051 TELEPHONE MAINTENANCE SYSTEM 1,550.00 0.00 1,550.00 1,043.76 0.00 506.24 67.30
S2991742 545003 MAINTENANCE OF GROUNDS SUPPLIES 18,650.00 0.00 18,650.00 7,291.18 1,492.75 9,866.07 47.10
S4011742 535006 CONTRACTED SERVICES 16,800.00 0.00 16,800.00 10,465.50 6,117.65 216.85 98.70
S0011742 535006 CONTRACTED SERVICES 116,850.00 0.00 116,850.00 98,988.94 17,710.56 150.50 99.90
S0991742 541002 BUILDING MAINTENANCE SUPPLIES 61,000.00 -12,686.00 48,314.00 38,041.30 7,525.67 2,747.03 94.30
S0991742 545004 EMERGENCY EXPENDITURES 10,500.00 -5,000.00 5,500.00 5,465.03 0.00 34.97 99.40
S5991742 525009 FIRE SAFETY/FURNITURE REPAIR 3,148.00 10,886.00 14,034.00 10,365.20 3,668.80 0.00 100.00
S5991742 525011 REPAIR OF EQUIP/MAINTENANCE 4,100.00 1,000.00 5,100.00 2,179.14 950.91 1,969.95 76.30
S7991742 585004 CAPITAL IMPROVEMENT/MTC 45,000.00 0.00 45,000.00 45,000.00 0.00 0.00 100.00
S4991762 524100 VEHICLE REPAIRS/MAINTENANCE 18,897.00 -8,194.00 10,703.00 9,046.51 1,255.89 400.60 88.00
Expenses Technology  
S7991082 525012 EQUIPMENT-MTC & LEASE 30,420.00 0.00 30,420.00 13,139.47 18,210.53 -930.00 323.30
S1990522 535006 CONTRACTED SERVICES 202,663.00 0.00 202,663.00 194,038.52 7,710.77 913.71 97.80
S1990522 545001 GENERAL SUPPLIES 12,000.00 2,800.00 14,800.00 3,352.57 11,447.43 0.00 100.00
S2511062 531067 COMPUTER CONTRACTED SERVICES 5,400.00 0.00 5,400.00 5,400.00 0.00 0.00 0.00
S2991522 555038 COMPUTER SUPPLIES 10,000.00 -2,800.00 7,200.00 6,194.06 744.15 261.79 96.40
S4991522 525008 COMPUTER MTC/REPAIR SYSTEM 4,500.00 0.00 4,500.00 1,041.99 400.00 3,058.01 32.00
S4990522 535006 CONTRACTED SERVICES 20,200.00 7,194.00 27,394.00 23,064.02 4,158.30 171.68 142.40
S4990522 545001 GENERAL SUPPLIES 2,200.00 0.00 2,200.00 1,385.00 0.00 815.00 63.00
S7991522 525013 COMPUTERS-PURCHASE & LEASE 39,000.00 0.00 39,000.00 24,078.16 6,565.11 8,356.73 27.30
S2991522 535006 CONTRACTED SERVICES SYSTEM 9,531.00 0.00 9,531.00 5,500.00 0.00 4,031.00 28.30
Expenses Lunenburg Primary School  
S2072082 545002 OFFICE SUPPLIES/MATERIALS 1,639.00 0.00 1,639.00 1,518.37 120.48 0.15 100.00
S2042412 555006 ART SUPPLIES 1,495.00 0.00 1,495.00 1,338.45 156.10 0.45 100.00
S2072282 555001 WORKBOOKS 13,800.00 -13,800.00 0.00 0.00 0.00 0.00 0.00
S2072302 555004 READING SUPPLIES 690.00 0.00 690.00 577.41 110.10 2.49 99.60
S2072312 555003 MATH SUPPLIES 1,150.00 0.00 1,150.00 1,146.66 0.00 3.34 99.70
S2072592 555039 LIBRARY EXPENSES 863.00 0.00 863.00 862.05 0.00 0.95 99.90
S2072592 555040 LIBRARY BOOKS 512.00 0.00 512.00 498.71 1.25 12.04 97.60
S2512052 555055 P.S. SPEC ED INSTR MATERIAL 1,702.00 800.00 2,502.00 2,494.48 2.46 5.06 99.80
S2072332 555002 SCIENCE SUPPLIES 3,335.00 0.00 3,335.00 3,329.04 0.00 5.96 99.80
===PAGE 6===
Lunenburg Public Schools
FY23 Quarterly Budget Update May 03, 2023
ORG OBJ Account Description Original Budget Transfers Revised Budget Expended Encumbrances Account Balance % Used
S2072622 555005 PHYSICAL ED SUPPLIES 690.00 0.00 690.00 581.84 105.65 2.51 99.60
S2072632 555008 BAND/MUSIC SUPPLIES 1,150.00 0.00 1,150.00 1,145.87 2.44 1.69 99.90
S2072102 545001 GENERAL SUPPLIES 16,138.00 7,000.00 23,138.00 20,953.27 2,184.14 0.59 100.00
S2072522 535006 CONTRACTED SERVICES 2,600.00 0.00 2,600.00 838.99 1,625.00 136.01 94.80
S2072522 555038 COMPUTER SUPPLIES 2,875.00 0.00 2,875.00 2,865.68 0.00 9.32 99.70
S2072652 555044 GUIDANCE SUPPLIES 518.00 0.00 518.00 498.14 16.22 3.64 99.30
S4072322 525003 REPAIR OFFICE MACHINES 748.00 -257.00 491.00 491.00 0.00 0.00 100.00
S4072632 525001 REPAIR OF MUSIC EQUIPMENT 230.00 -230.00 0.00 0.00 0.00 0.00 0.00
S7072102 585002 NEW FURNITURE/EQUIPMENT 920.00 6,487.00 7,407.00 7,377.86 0.00 29.14 99.60
Expenses Turkey Hill Elementary School  
S2014082 545002 OFFICE SUPPLIES/MATERIALS 3,260.00 0.00 3,260.00 2,698.69 549.95 11.36 100.80
S2044302 555004 READING SUPPLIES 3,264.00 -42.00 3,222.00 2,175.21 0.00 1,046.79 66.60
S2044312 555003 MATH SUPPLIES 2,401.00 -1,732.00 669.00 414.88 0.00 254.12 62.00
S2044352 555014 SOCIAL STUDIES SUPPLIES 739.00 0.00 739.00 462.38 0.00 276.62 62.60
S2044412 555006 ART SUPPLIES 840.00 0.00 840.00 620.89 217.80 1.31 99.80
S2044592 555011 PERIODICALS 262.00 0.00 262.00 262.00 0.00 0.00 100.00
S2044592 555039 LIBRARY EXPENSES 860.00 -500.00 360.00 360.00 0.00 0.00 100.00
S2044592 555040 LIBRARY BOOKS 4,600.00 -2,933.00 1,667.00 1,667.00 0.00 0.00 102.60
S2044602 555041 AUDIO VISUAL SUPPLIES 5,295.00 0.00 5,295.00 4,979.00 0.00 316.00 94.00
S2514052 555055 SPEC ED INSTRUCTIONAL MATERIAL 3,688.00 0.00 3,688.00 3,508.48 109.25 70.27 98.10
S2044332 555002 SCIENCE SUPPLIES 1,043.00 -164.00 879.00 543.46 165.00 170.54 80.60
S2044622 555005 PHYSICAL ED SUPPLIES 1,842.00 -511.00 1,331.00 874.57 113.00 343.43 53.60
S2044632 555008 BAND/MUSIC SUPPLIES 862.00 0.00 862.00 859.40 0.00 2.60 99.70
S2044102 545001 GENERAL SUPPLIES 8,211.00 0.00 8,211.00 7,370.19 774.86 65.95 99.20
S2044522 535006 CONTRACTED SERVICES 20,420.00 9,108.00 29,528.00 29,252.10 0.00 275.90 100.80
S2044652 555044 GUIDANCE SUPPLIES 577.00 -226.00 351.00 350.48 0.00 0.52 99.90
S7044102 585002 NEW FURNITURE/EQUIPMENT 3,532.00 -3,000.00 532.00 447.27 0.00 84.73 84.10
Expenses Lunenburg Middle School  
S2015082 545002 OFFICE SUPPLIES/MATERIALS 2,500.00 0.00 2,500.00 2,444.06 31.91 24.03 99.00
S2055282 555001 WORKBOOKS 973.00 0.00 973.00 0.00 973.00 0.00 100.00
S2055292 555053 ENGLISH SUPPLIES 1,961.00 0.00 1,961.00 580.95 420.63 959.42 51.10
S2055312 555003 MATH SUPPLIES 1,447.00 0.00 1,447.00 1,027.98 324.83 94.19 93.50
S2055352 555014 SOCIAL STUDIES SUPPLIES 1,512.00 -345.00 1,167.00 890.44 130.00 146.56 67.50
S2055412 555006 ART SUPPLIES 8,050.00 345.00 8,395.00 4,156.18 3,550.72 688.10 95.70
S2055452 535014 REGRS ACADEMIC ACHIEVEMENT 200.00 0.00 200.00 0.00 0.00 200.00 0.00
S2055572 555012 HEALTH SUPPLIES 382.00 0.00 382.00 359.80 0.00 22.20 94.20
S2055582 555011 PERIODICALS 1,413.00 0.00 1,413.00 1,411.97 0.00 1.03 99.90
S2055592 555039 LIBRARY EXPENSES 200.00 0.00 200.00 196.46 0.00 3.54 98.20
S2055592 555040 LIBRARY BOOKS 2,000.00 0.00 2,000.00 1,994.42 0.00 5.58 99.70
S2515052 555055 SPEC ED INSTRUCTIONAL MATERIAL 2,627.00 0.00 2,627.00 2,371.15 193.86 61.99 97.60
S2055332 555002 SCIENCE SUPPLIES 2,638.00 0.00 2,638.00 1,091.92 1,546.08 0.00 100.00
===PAGE 7===
Lunenburg Public Schools
FY23 Quarterly Budget Update May 03, 2023
ORG OBJ Account Description Original Budget Transfers Revised Budget Expended Encumbrances Account Balance % Used
S2055622 555005 PHYSICAL ED SUPPLIES 1,661.00 0.00 1,661.00 1,649.99 0.00 11.01 99.30
S2055632 555008 BAND/MUSIC SUPPLIES 3,541.00 0.00 3,541.00 3,528.01 12.99 0.00 100.00
S2055102 545001 GENERAL SUPPLIES 6,500.00 0.00 6,500.00 5,540.91 756.95 202.14 96.90
S0055632 535016 TRANSPORTATION 1,000.00 0.00 1,000.00 0.00 1,000.00 0.00 100.00
S2055522 535006 CONTRACTED SERVICES 4,400.00 6,145.00 10,545.00 10,545.00 0.00 0.00 100.00
S2055652 555044 GUIDANCE SUPPLIES 800.00 0.00 800.00 0.00 800.00 0.00 100.00
S4055632 525001 REPAIR OF MUSIC EQUIPMENT 1,500.00 0.00 1,500.00 450.00 1,050.00 0.00 100.00
S2016082 545002 OFFICE SUPPLIES/MATERIALS 5,000.00 0.00 5,000.00 4,749.68 184.60 65.72 98.70
Expenses Lunenburg High School  
S2066082 535008 GRADUATION EXPENSES 7,800.00 0.00 7,800.00 912.66 5,187.32 1,700.02 78.20
S2066292 555023 ENGLISH PERIODICALS 145.00 0.00 145.00 144.99 0.00 0.01 100.00
S2066292 555053 ENGLISH SUPPLIES 171.00 0.00 171.00 154.15 16.85 0.00 100.00
S2066312 535020 DUES AND FEES 5,160.00 0.00 5,160.00 5,000.00 0.00 160.00 96.90
S2066312 555003 MATH SUPPLIES 850.00 0.00 850.00 597.76 174.60 77.64 90.90
S2066352 555014 SOCIAL STUDIES SUPPLIES 144.00 0.00 144.00 69.83 0.00 74.17 48.50
S2066362 555022 WORLD LANG TESTING MATERIALS 400.00 0.00 400.00 0.00 400.00 0.00 100.00
S2066362 555026 WORLD LANGUAGE SUPPLIES 1,860.00 0.00 1,860.00 1,805.24 0.00 54.76 97.10
S2066412 555006 ART SUPPLIES 11,213.00 0.00 11,213.00 10,891.50 150.00 171.50 98.50
S2066552 555015 HEALTH/HUMAN DEV SUPPLIES 2,242.00 0.00 2,242.00 2,198.13 34.79 9.08 99.60
S2066552 555025 HEALTH/HUMAN DEV PERIODICALS 98.00 0.00 98.00 104.39 0.00 -6.39 106.50
S2066592 555011 PERIODICALS 340.00 0.00 340.00 336.80 0.00 3.20 99.10
S2066592 555039 LIBRARY EXPENSES 450.00 0.00 450.00 440.26 0.00 9.74 97.80
S2066592 555040 LIBRARY BOOKS 3,850.00 0.00 3,850.00 3,847.67 0.00 2.33 99.90
S2066602 555041 AUDIO VISUAL SUPPLIES 100.00 0.00 100.00 0.00 0.00 100.00 0.00
S2066602 555043 WORLD LANGUAGE A.V. SUPPLIES 930.00 0.00 930.00 0.00 150.00 780.00 16.10
S2516052 555055 SPEC ED INSTRUCTIONAL MATERIAL 3,073.00 0.00 3,073.00 2,977.30 10.17 85.53 97.20
S2066332 555002 SCIENCE SUPPLIES 13,350.00 0.00 13,350.00 10,556.42 2,679.29 114.29 99.10
S2066622 555005 PHYSICAL ED SUPPLIES 6,924.00 0.00 6,924.00 6,619.76 300.00 4.24 99.90
S2066632 535020 DUES AND FEES 1,210.00 0.00 1,210.00 0.00 0.00 1,210.00 0.00
S2066632 555008 BAND/MUSIC SUPPLIES 1,179.00 0.00 1,179.00 388.15 616.21 174.64 85.20
S2066632 555028 MUSIC MARCHING BAND 6,785.00 0.00 6,785.00 3,959.19 851.84 1,973.97 70.90
S2066632 555050 MUSIC EQUIPMENT 3,220.00 0.00 3,220.00 0.00 0.00 3,220.00 0.00
S2066102 545001 GENERAL SUPPLIES 13,700.00 0.00 13,700.00 8,367.48 5,278.01 54.51 99.60
S0066632 535016 TRANSPORTATION 5,100.00 0.00 5,100.00 1,745.00 2,255.00 1,100.00 78.40
S2066522 535006 CONTRACTED SERVICES 15,350.00 0.00 15,350.00 12,277.48 0.00 3,072.52 80.00
S2066652 555044 GUIDANCE SUPPLIES 6,095.00 0.00 6,095.00 5,286.02 0.00 808.98 86.70
S2066652 555045 LEASE OF GUIDANCE SOFTWARE 22,100.00 -6,145.00 15,955.00 12,186.38 3,537.88 230.74 98.60
S4066332 525005 REPAIR SCIENCE EQUIPMENT 800.00 0.00 800.00 635.76 0.00 164.24 79.50
S4066622 525010 REPAIR PHYSICAL ED EQUIPMENT 700.00 0.00 700.00 0.00 0.00 700.00 0.00
S4066632 525001 REPAIR OF MUSIC EQUIPMENT 3,750.00 0.00 3,750.00 775.00 1,825.00 1,150.00 69.30
===PAGE 8===
Lunenburg Public Schools
FY23 Quarterly Budget Update May 03, 2023
ORG OBJ Account Description Original Budget Transfers Revised Budget Expended Encumbrances Account Balance % Used
Expenses Athletics  
S3066672 535016 TRANSPORTATION 40,000.00 0.00 40,000.00 38,474.00 1,527.00 -1.00 100.00
S3066672 535018 ATHLETIC INSURANCE 8,000.00 890.00 8,890.00 8,890.00 0.00 0.00 101.00
S3066672 535020 DUES AND FEES 20,000.00 0.00 20,000.00 18,529.50 1,470.50 0.00 104.10
S3066672 555048 EQUIPMENT RECONDITIONING 10,000.00 -890.00 9,110.00 798.30 1,188.56 7,123.14 21.80
S3066672 555049 REPLACEMENT OF UNIFORMS 10,000.00 0.00 10,000.00 6,945.97 2,457.40 596.63 109.20
S3066672 555050 NEW EQUIPMENT 6,000.00 0.00 6,000.00 1,471.61 2,646.89 1,881.50 68.60
Grand Total 22,325,309$         -$                        22,325,309$         16,183,171$         771,828$               5,370,310$           