===SHEET FY19 Rev Exp 4.25.18 Bond===
PROJECTED REVENUES/EXPENDITURES FY2019 Town Manager's Recommendation ,,,,,,,,,,,,,,,,,,,,,,,,,,,,,,,,,,,,,,,,,,,,,,,,,,,,,,,,
,FY 03 ACTUAL,FY 04 ACTUAL,FY05 BUDGETED,,FY07 PROJECTED,,,,,,,,,,,,,,,,,FY 03 ACTUAL,FY04 ACTUAL,FY05 BUDGETED,FY06 LEVEL FUND,,FY07 PROPOSED,FY07 LEVEL SERV,FY07 CAFO REC,,,FY08 PROP DEPT,FY08 CAFO REC,FY08 CAFO REC,,FY08 CAFO REC W/,,,,,,,,,,,,,,,,,,,,
,,,,FY06 BUDGETED,,FY06 ACTUAL,FY07 BUDGETED,FY08 BUDGETED,FY09 BUDGETED,FY10 BUDGETED,FY11 BUDGETED,FY12 BUDGETED,FY13 BUDGETED,FY13 BUDGETED,FY14 BUDGETED,FY15 BUDGETED,FY16 BUDGETED,FY17 BUDGETED,FY18 BUDGETED,FY19 BUDGETED,EXPENDITURES ,,,,,FY06 BUDGETED,,,,FY06 ACTUAL,FY07 BUDGETED,,PER WARRANT,W/ OVERRIDE,FY08 BUDGETED,CONTRACTS/OVERRIDE,FY09 FIN COMM REC,FY09 BUDGETED,FY2010 CAFO REC,FY10 BUDGETED,FY11 2/15/10 Town,FY11 BUDGETED,FY12 BUDGETED,FY13 BUDGETED,FY13 TOWN MANAGER'S,FY14 BUDGETED,FY15 BUDGETED,FY16 BUDGETED,FY17 BUDGETED,FY18 LEVEL SERVICE,FY18 ABOVE LEVEL ,FY18 BUDGETED,FY19 BUDGETED,,,
PROPERTY TAXES,# State Aid Cut $104K,,,,,,,,,,,,,W/ OVERRIDE,,,,,,,,Lowered by 1.5%,,,,,,,,,,,1,2,,4,,,ATM,,Manager Rec,,,,OVERRIDE BUDGET,,,,,,,,,,,
Prior Year Levy Limit,11461042,12062534,12705882,13476239,14138629,,14138629,14787169,15368583,15890966,16418410,17017602,17891153,17891153,18661730,19425844,20173974,21039179,22054802,23087668,Maturing Debt,484905,#REF!,1401458,#REF!,1536015,#REF!,#REF!,#REF!,1536013,#REF!,#REF!,#REF!,1701296,1701296,#REF!,#REF!,1751372,#REF!,#REF!,#REF!,#REF!,1895632,2044821,2044821,2054987,2079853,2876260,3097672,3102790.88,3102790.88,3102790.88,3095185.66,,,
2 1/2% Increase  ,117933,301563,95539.82,333401.03,353466,,353466,368424.6,371455.7,393855.54,407945.48,425440,445060.57,445060.57,461799.6,284455.13,494562.77,526021,550441.24,577191.7000000001,Interest/Issuance Costs on Debt,207028,#REF!,822118,#REF!,914692,#REF!,#REF!,#REF!,907471,#REF!,#REF!,#REF!,960109,960109,#REF!,#REF!,922032,#REF!,#REF!,#REF!,#REF!,880236,889589,889589,808192,898203,1681660,1760343,1694067.3599999999,1694067.3599999999,1721317.3599999999,1662866.8399999999,,,
Estimated New Growth,314966,341729,452710,325484,350000,,295074,211735,138168,130170,188732,448111,323263,323263,297571,262484,360856,489602,481496,375000,Gen Gov Unclassified,2689643,#REF!,1652925,#REF!,1835330,#REF!,#REF!,#REF!,1866915,#REF!,#REF!,#REF!,2313456,2206906,#REF!,#REF!,2205842,#REF!,#REF!,#REF!,#REF!,2499388.76,2667283,2955715,2382480,2217069,2426584,2634326.47,2881599.67,2881599.67,2911295.9699999997,3144790.55,,,
Debt Exclusions,,1447724,1473527,1631225,1618634,,814208.88,808948,1036977,1012305,991724,977796,907338,907338,865018,1031125,2494848,2714916.8899999997,2760807.77,2857514.84,General Government,823003,#REF!,929867,#REF!,1071541,#REF!,#REF!,#REF!,1073658,#REF!,#REF!,#REF!,1227125,1233679,#REF!,#REF!,1237559,#REF!,#REF!,#REF!,#REF!,1222918.03,1140605,1229703,1153634,1237183,1233661,1293854.3599999999,1308104.98,1339374.98,1336338.98,1401119.2499999998,,,
Override ,,,,,,,,,,,,,,2200000,,,,,,,Central Purchasing,131005,#REF!,131845,#REF!,56874,#REF!,#REF!,#REF!,36180,#REF!,#REF!,#REF!,64200,64200,#REF!,#REF!,47200,#REF!,#REF!,#REF!,#REF!,42750,55250,55250,54015,52950,52950,55303,55303,55303,55303,55303,,,
,,,,,,,,,,,,,,,,,,,,,Protection,,,,,,,,,,,,,,,,,,,,,#REF!,2416791,2412447,2460754,2386790,2441283,2638990,2738631.63,2816429.35,3657766.3499999996,2941492.35,3197960.2199999997,,,
TAXES: Total,11893941,14153550,14727658.82,15766349.03,16460729,15496515.05,15601377.88,16176276.6,16915183.7,17427296.54,18006811.48,18868949,19566814.57,21766814.57,20286118.6,21003908.13,23524240.77,24769718.89,25847547.009999998,26897374.54,Health & Sanitation,1548528,#REF!,1661806,#REF!,1858417,#REF!,#REF!,#REF!,1875885,#REF!,#REF!,#REF!,2353651,2150667,#REF!,#REF!,2293638,#REF!,#REF!,#REF!,#REF!,67130,55788,64288,64090,65029,66663,69154,70866.95000000001,70866.95000000001,70866.95000000001,73838.58,,,
,,,,,,,,,,,,,,,,,,,,,Public Assistance,59805,#REF!,58706,#REF!,59504,#REF!,#REF!,#REF!,58911,#REF!,#REF!,#REF!,69580,63580,#REF!,#REF!,67366,#REF!,#REF!,#REF!,#REF!,128370,116976,131301,122507,129712,217710,219594.12,231156.74,239799.78,239799.78,245493.56,,,
,,,,,,,,,,,,,,,,,,,,,Facilities & Buildings,,,,,,,,,,,,,,,,,,,,,,,332283,,585163,590754,625370,610978.0800000001,615494.1900000001,615494.1900000001,753216.1900000001,670851.6900000001,,,
,,,,,,,,,,,,,,,,,,,,,Solid Waste/Recycling Progam,,,,,,,,,,,,,,,,,,,,,,,148092,,183092,193754,147000,174150,153230,153230,153230,156359.88,,,
STATE PROVIDED FUNDS,,,,,,,,,,,,,,,,,,,,,Department of Public Works,69624,#REF!,67617,#REF!,84302,#REF!,#REF!,#REF!,80641,#REF!,#REF!,#REF!,90292,93081,#REF!,#REF!,127385,#REF!,#REF!,#REF!,#REF!,1557200,1101783,1686481,1195067,1354912,1467738,1688444.26,1539171.3800000001,1589171.3800000001,1589171.3800000001,1668378.3699999999,,,
Cherry Sheet/State Aid                                 ,4823821,5019835,5185375,5320341,5559756,5371987.23,5856249,6236109,6574321,6004013,5976405,5936390,6718759,6718759,6855401,7194650,7518492,7998947,8972793,9034019,Schools,1253055,#REF!,1118255,#REF!,1125293,#REF!,#REF!,#REF!,1195000,#REF!,#REF!,#REF!,1261337,1123101,#REF!,#REF!,1203937,#REF!,#REF!,#REF!,#REF!,15576517,16176612,17307652,16831683,17465477,18314570,19353967,20680161.35,20680161.35,20598833,21031807.47,,,
Police Career Incentive,29990,44397,47791,50189,52448,49387.68,57045,60063,64065,11495,5914,0,,,,,,,,,Library,10863733,#REF!,12115800,#REF!,13467748,#REF!,#REF!,#REF!,13448167,#REF!,#REF!,#REF!,15811912,14843711,#REF!,#REF!,15318628,#REF!,#REF!,#REF!,#REF!,346956,338540,374140,355563,353205,363849,371773.12,378322.02,381709.86000000004,381709.86000000004,400453.76,,,
Additional Aid,,,,,,,,,,,,64672,,,,,,,,,,192904,#REF!,193232,#REF!,249159,#REF!,#REF!,#REF!,240609,#REF!,#REF!,#REF!,316207,299767,#REF!,#REF!,329867,#REF!,#REF!,#REF!,#REF!,,,0,,,,,,,,,,,
Subtotal State Aid,4853811,5064232,5233166,5370530,5612204,5421374.91,5913294,6296172,6638386,6015508,5982319,6001062,6718759,6718759,6855401,7194650,7518492,7998947,8972793,9034019,Omnibus Total,#REF!,#REF!,#REF!,,#REF!,#REF!,#REF!,#REF!,3000,#REF!,,#REF!,0,#REF!,#REF!,#REF!,2500,#REF!,#REF!,#REF!,#REF!,26633888.79,27480069,29199694,28177263,29079384,32113005,34068191.04,35526697.870000005,36461335.75,35855365.699999996,36804408.83,,,
,,,,,,,,,,,,,,,,,,,,,Changes to FY09 Budget (FY10 Recap),#REF!,#REF!,#REF!,#REF!,#REF!,#REF!,#REF!,#REF!,2366179700,#REF!,#REF!,#REF!,2773931490,#REF!,#REF!,#REF!,25507326,#REF!,#REF!,#REF!,,,,,,,,,,,,,,,
,,,,,,,,,,,,,,,,,,,,,Changes to FY10 Budget (FY11 Recap),,,,,,,,,,,,,,,,,,,-78038,,19000,,,,,,,,,,,,,,
,,,,,,,,,,,,,,,,,,,,,Prior Year Budget Adjustments,,,,,,,,,,,,,,,,,,,,,,,,,29318.25,157932,250000,0,0,0,0,0,,,
PROJECTED  LOCAL RECEIPTS,,,,,,,,,,,,,,,,,,,,,CHERRY SHEET CHARGES,,,,,,,,,,,,,,,,,,,169354.89,,,,,,,,,,,,,,,,
Local Receipts ,1801540,1866937,2019000,2144000,2304800,2723428.09,2304800,2403600,2506600,2215343,2432666,2439123,2432649,2432649,2466928,2495876,2691770,2852226,2867168,2940817,Cherry Sheet Offset,,,,,,,,,,,,,,,,,,,,,413943,392008,340022,340022,318168,263388,242139,283043,269628,269628,295827,268008,,,
Subtotal Receipts,1801540,1866937,2019000,2144000,2304800,2723428.09,2304800,2403600,2506600,2215343,2432666,2439123,2432649,2432649,2466928,2495876,2691770,2852226,2867168,2940817,State & County,18255,380862,395575,417011,417011,435777,435777,435777,459896.35,481218,509137,488308,488308,488308,488308,466295,466295,360982,360982,426243,129010,130334,134938,134938,138384,153491,153640,161011,173638,173638,174315,178585,,,
,,,,,,,,,,,,,,,,,,,,,Choice/Charter Assessments,70255,80121,92056,107189,107189,107189,107189,107189,107893,130754,140484,140677,140677,140677,140677,145071,145071,135718,135718,130705,610318,671606,926658,926658,1023698,959672,1149555,972796,1137655,1137655,1214467,977102,,,
OTHER REVENUES,,,,,,,,,,,,,,,,,,,,,Changes to FY09 Assessments,0,614718,682961,583916,583916,583916,583916,583916,655311,690551,687880,541677,541677,541677,541677,655725,655725,567691,567691,535599,,,,,,,,,,,,,,,
Overlay Surplus,125000,15000,26015.01,6728.52,0,6728.52,25024.94,0,23109.38,,,,,,4318.25,,,,,,,,,,,,,,,,,,,,,,,,,-134287,,,,,,,,,,,,,,,,
Free Cash ,,,,1133125,0,1133125,1108377.54,303810,406074,,239841,39124,,,440958,229292,483618,250000,720952.6499999999,602736,Subtotal CS Charges,,,,,,,,,,,,,,,,,,,,,1153271,1193948,1401618,1401618,1480250,1376551,1545334,1416850,1580921,1580921,1684609,1423695,,,
Unexpended Articles,50000,30000,17397.36,350000,0,350000,35542,22358,84779.57,27601.81,22785,,55294,55294,7871,71337.26,67284.64,20451.95,,54478.03,,88510,1075701,1170592,1108116,1108116,1126882,1126882,1126882,1223100.35,1302523,1337501,1170662,1170662,1170662,1170662,1267091,1267091,1064391,930104,1092547,,,,,,,,,,,,,,,
Borrowing - Lane Property,,,,,,,,,,,,,,,,624000,,,,,,,,,,,,,,,,,,,,,,,,,,,,,,,,,,,,,,,,
Borrowing ,,,,1725000,,1725000,491000,835000,249960,,110000,405000,720000,720000,,2625000,522768,,,417000,Allow for Abatements/Exemptions,,,,,,,,,,,,,,,,,,,,,124378.48,145000,156740.57,156740.57,145256.6,207330.39,140212.29,140934.6,175000,175000,174071.24,175627.01,,,
Zoning Incentive Stabilization Fund,,,,,269938,,32079,250000,0,112500,213252,,138700,138700,,,,,,,Worc Cty Retirement Assessment ,92035.55,90000.77,134938.19,97980.55,97980.55,100000,100000,100000,97980.55,99549.94,100000,129270.48,129270.48,129270.48,129270.48,100308.62,97988.2,145000,141583.39,145000,583808,597771,684989,684989,725771,831727,967652,1051795,1106982,1106982,1106982,1221814,,,
MSBA Reimbursements,,35381,0,0,0,,804425.12,828334,586560.88,559058,559057,559057,559057,559057,559057,534199,534198,534198,534198,534198,Tax Title,364229,361002,369912,442008,442008,435584,435584,435584,442008,435584,438971,438971,438971,438971,438971,493121,493121,528137,528137,586232,5500,6500,6500,6500,6500,10500,8000,8000,8000,8000,8000,10500,,,
ARRA Funding - School,,,,,,,,,,121950,,,,,,,,,,,,10000,10000,10000,10000,10000,10000,10000,10000,10000,10000,10000,10000,10000,10000,10000,6500,6500,3500,3500,5500,,,,,,,,,,,,,,,
ART 5 5/5/08 (5/1/09 FY10 Recap),,,,,,,,,,1897,,,,,,,,,,,Layoffs,44655.29,,,,,,,,,,,,,,,,,,,,,,,,,,,,,,,,,,
FY2009 Revenue Reduction (5/1/09 FY10 Recap),,,,,,,,,,-174492,,,,,,,,,,,,326000,,,,,,,,,,,,,,,,,,,,,,,,,,,,,,,,,,
,,,,,,,,,,13409.89,,,,,,,,,,,Capital Articles,,,,,,,,,,,,,,,,,,,,,317785,538765,464487,464487,652483,1114152,801578,619475,600000,633317,658317,1455214,,,
,,,,,,,,,,,,,,,,,,,,,"Design, Construct Sewers",,,,,,,,,,,,,,,,,,,,,,,138700,138700,,,300000,0,,,,,,,
Trust & Special Revenue Funds,0,,,,,,,,,,,,,,,,,,,,Cemetery Improvements,,,,,,,,,,,,,,,,,,,,,,,,,,25000,,,,,,,,,
Sewer Enterprise,20000,20000,20000,20000,20000,20000,20000,,30715,30715,30715,30715,36858,36858,23525,23525,Included in Enterprise,,,,General Fund Articles,202500,193589,367876,400000,840443,541587,541587,395761,840443,32079,1379257,1112008,1409257,1112008,1409257,607710,607710,233950,233950,295000,15000,423.26,,,,,,6385.96,,,,,,,
Transfer from Meadow Woods Bett (FY11 Recap),,,,,,,,,,155945,,,,,,,,,,,Teachers Deferral,10145,,4000,10000,10000,10000,10000,10000,10000,23373,25700,25700,25700,25700,25700,40500,40500,,60580.23,0,18107,,,,,,,,,,,,,,
Sewer Betterments,100443,173730,175000,516460,512688,516460,512688,680080,732849,726968,802490,803485,781319,781319,773045,770439,Included in Enterprise,,,,Police Revolving Detail,,,,,,,,,,,,,,,,,,,,,,,,,,,10000,0,,,,,,,
Water Betterments,,,,,,,,,,,62779,62781,62781,62781,62781,62781,62781,62781,62781,58468.13,Reserve Capacity Stabilization Fund,18108,18108,18108,18108,18108,18108,18108,18108,18108,18108,18108,18108,18108,18108,18108,18108,18108,18108,18108,0,0,,,,,,617.1,0,,,3496.9,0,,,
Student Transportation Offset Receipt Fund,,,,,,,,,,,,,,,,31000,32000,0,,,Special Purpose Stabilization Fund(s),126933,,,321490,480956.62,,,,480956.92,,0,0,0,0,0,219736.33,219736.33,0,0,0,,,,,,,,,,,235000,200000,,,
Sewer Enterprise Retained Earnings,,,,,,,,,,,,,,,,,617.1,,29996.9,29656,Sewer Capital Reserve,,,,,,,,,,,,,,,,,,,,,,,,,,,,,,,26500,29000,,,
Cemetery Sale of Lots Account,,,,,,,,,,,,,,,,25000,,,,,,,,,,,,,,,,,,,,,,,,,,,,,,,,,,,,,,,,
Town Hall Chimney Grant,,,,,,,,,,,,,,,3000,,,,,,,,,,,,,,,,,,,,,,,,,35075,,,,,,,,,,,,,,,,
Artificial Turf Revolving Fund,,,,,,,,,,,,,,,,,,,,44930.56,,,,,,,,,,,,,,,,,,,,,,,,,,,,,,,,,,,,
Sale of Real Estate Revolving Account,,,,,,,,,83755,,,,,,9925,,,,,,School Feasibility Study,,,,,,,,,,,,,,,,,,,,,,,750000,750000,,,,,,,,,,,
 Subtotal Other Revenue,295443,274111,238412.37,3751313.52,802626,3751313.52,3029136.6,2919582,2197802.83,1575552.7000000002,2040919,1900162,2354009,2354009,1884480.25,4996573.26,1703266.7400000002,867430.95,1347928.5499999998,1741466.72,Court Judgements,,,,,,,,,,741000,0,0,0,0,0,,,,,,,,,,,,,,,,,,,,
,,,,,,,,,,,,,,,,,,,,,OPEB Liability,,,,,,,,,,,,,,,,,,,,,,,,,,,,,,100000,100000,100000,,,
,,,,,,,,,,,,,,,,,,,,,,,,,,,,,,,,,,,,,,,27500,27500,,,,,,,,,,,,,,,,
,,,,,,,,,,,,,,,,,,,,,Sewer OPEB Liability,,,,,,,,,,,,,,,,,,,,,,,,,,,,,,,,656,,,
,,,,,,,,,,,,,,,,,,,,,Snow Removal Deficit,,,,,,,,,,,,,,,,,,,,,,,,,,,,,,,,0,,,
,,,,,,,,,,,,,,,,,,,,,Lane Property,,829.18,,,,,,,,,0,0,0,,0,,,,,,51100.02,,,,,624000,,,,,,,,,
Other Financing Sources,0,,,,,,,,,,,,,,,,,,,,Sewer Construction Project,0,79647.91,,,,84510.96,84510.96,84510.96,,42880.13,0,0,0,0,0,,,,,,,,,,,2200000,,,,,,,,,
Sewer Project,65281,66837,0,0,0,,0,0,,,,,,,,,,,,,Transfer to Stabilization Fund ,,22495.14,,,,,,,,,75000,75000,75000,150000,150000,,,,,,143591.49,,,,,,,,,,,,,,
Septic Loan Revenue,,10872,10872,10872,10872,10872,10872,10872,10872,10872,10872,10872,10872,10872,10872,10868,10868,10868,10868,10868,Prior Year Expense ,,,,,,,,,,,,,,,,,,,,,109000,5606.98,,,,570,1782,0,,,21410.96,,,,
,,,,,,,,,,,,,,,,,,,,,Prior Year Expense,,,,,,,,,,,,,,,,,,,,,,8264.97,,,,,,,,,,,,,
,,,,,,,,,,,,,,,,,,,,,Dispatcher's Contract Settlement,,,54,,215.38,,,,215.38,6506.41,0,0,0,0,0,5323,5323,,,,,,,,,,,,,,,,,,
,,,,,,,,,,,,,,,,,,,,,Nov 2005 STM Appropriations,,,,,1565000,,,,1565000,,0,0,0,0,0,5441,5441,,,,,,,,,,,,,,,,,,
,,,,,,,,,,,,,,,,,,,,,FY04 Allowance Abate/Exempt,,,,,195000,,,,195000,,0,0,0,0,0,,, ,,,,,,,,,,,,,,,,,
,,,,,,,,,,,,,,,,,,,,,Transfer to Stabilization Fund ,,,,,784.52,,,,784.52,,0,0,0,0,0,,,,,,,,,,286958,74729,105367,99851,300000,266683,84523,87000,,,
,,,,,,,,,,,,,,,,,,,,,Recycling Enterprise Deficit,,,,,21246.1,,,,21246.1,,0,0,0,0,0,,,,,,,,,,,,,,,,,,,,
Water Enterprise Fund,,,,,,,,,,,,,,,,,,25000,25000,25000,Water Enterprise,,,,,,,,,,,,,,,,,,,,,,,,,,,,25000,,,25000,25000,,,
Solid Waste Enterprise Fund,,,,,,,,,,,,,,,,,,275000,292000,292000,Solid Waste Enterprise,,,,,,,,,,,,,,,,,,,,,,,,,,,,275000,,,292000,292000,,,
Sewer Enterprise Fund,,,,,,,,,852705,814352.54,939495.26,850032.4,933726,933726,1017613,1124242,1895227.01,1648533.76,1657222.24,1745540.58,Sewer Enterprise,,,,,,,,,,,,11686.12,11686.12,11686.12,11686.12,, ,115161.48,115161.48,,939495.26,850032.4,933726,933726,1017613,1124242,1100317.13,736242,0,0,745251,862171,,,
,,,,,,,,,,,,,,,,,,,,,,,,,,,,,,,,,,,,,,852705,,814352.54,,,,,,,,,,,,,,,,
TOTAL REVENUE,18910016,#REF!,#REF!,#REF!,#REF!,#REF!,#REF!,#REF!,#REF!,#REF!,29413082.740000002,30070200.4,32016829.57,34216829.57,32521412.85,36826117.39,37343864.519999996,38447724.6,41020526.800000004,42687085.839999996,TOTAL EXPENDITURES,,,,,,,,,,,,,,,,,,,,,#REF!,29980200.4,32016829.57,33736454.57,32521412.85,36826117.39,37343864.52,38447724.6,39297600.870000005,40332238.75,41020526.8,42687085.839999996,,,
,,,,,,,,,,,,,,,,,,,,,,#REF!,#REF!,#REF!,#REF!,#REF!,#REF!,#REF!,#REF!,2371084542.8199997,#REF!,#REF!,#REF!,2777208458.48,#REF!,#REF!,#REF!,29121549.53,,#REF!,,,,,,,,,,,,,,,,
,,,,,,,16927943,,,,,,,,,,,,,,Credit/(Debit),,,,,,,,,,,,,,,,,,#REF!,,#REF!,#REF!,90000,0,480375,0,0,-7.450580596923828e-09,0,1722925.9299999997,688288.0500000045,0,0,,,
,,,,,,,16915183.7,,,,,,,,,,,,,,,,,,,,,,,,,,,,,,,,,,,,,,,,,,,,,,,,,
,,,,,,,12759.300000000745,,,,,,,,,,,,,,,,,,,,,,,,,,,,,,,,,,,,,,,,,,,,,,,,,
,,,,,,,,,,,,,,,,,,,,,,,,,,,,,,,,,,,,,,,,,,,,,,,,,,,,Estimated Snow Removal Deficit,-93259.41,,,
===SHEET FY19 Omnibus Budget===
FY 2001 Omnibus Budget,FY 2019 Projected Omnibus Budget,,,,,,,,,,,,,,,,,,,,,,,,,,,,,,,,,,,,,,,,,,,,,,,,,,,,,,,,,,,,,,,,,,,,,,,,,,,,,,,,,,,,
, ,,,,,,,,,,,,,,,,,,,,,,,,,,,,,,,,,,,,,,,,,,,,,,,,,,,,,,,,,,,,,,,,,,,,,,,,,,,,,,,,,,,,
UMAS,Line ,,Expended,Expended,Expended,Expended,Expended,Variance,Expended,Requested ,Expended,Budgeted ,Variance,% Increase,,Expended,Expended,FY06,Expended,$ Change 05 Voted/,%,,,Proposed,Level Service,Expended,$ Change,$ Change 06 Level Fund/,% Chg,$ Change,% Chg,$ Change,%Change,Dept Proposed,CAFO Rec,$ chg FY07 to ,% chg FY07 to ,$ chg FY07 to FY08,% chg FY07 to FY08,Expended,$ chg FY07 to FY08,% chg FY07 to FY08,CAFO,$ chg FY07 to FY08,% chg FY07 to FY08,FY2009 ,FY2009 Finance Comm,$ chg FY08 to FY09,% chg FY08 to 09,Expended,$ chg FY08 to,% chg FY08 to ,,CAFO Rec,$ Change,% Change,Expended,FY2011 Town ,Expended,FY12,5/7/11 ATM,Budgeted,FY2013 Dept,Expended ,FY2013 Town,FY2013 ,$ change,% change,,Expended,FY14,Expended ,FY15,FY16 Town,Expended,FY16,Expended,FY17 ,FY18 Level,FY18 Above Level,Expended ,FY18 11/28/17,FY19 Town ,,
No.,No.,,FY 1997,FY 1998,FY 1999,FY 2000,FY 2001,FY 00 vs. FY 01,FY02,FY 2003,FY03,FY 2004,FY03 vs FY04,FY 04 vs FY 03,,FY04,FY05,Level Fund,FY06,06 Level Fund,CHANGE,,,Request FY07,Request FY07,FY07,FY06/FY07 Prop,Level Service,FY07 Prop,FY06/FY07 Level,FY07 Level,FY06/FY07 ,FY06/FY07 ,FY08,FY08,FY08 Dept,FY08 Dept,CAFO/Fin Comm,CAFO/Fin Comm,FY08,,,Rec w/ override,w/ override,w/ override,Dept Request,Recommendation,Fin Comm Rec,Fin Comm Rec,FY2009,FY09 CAFO Rec,FY09 CAFO Rec,Difference,FY2010,FY09/FY10,FY09/FY10,FY2010,Manager 2/15/10,FY2011,Dept Request,FY2012,FY2012,Request,FY2012,Manager's,Town Manager's,FY12/FY13,FY12/FY13,,FY2013,Budget,FY2014,Budget,Manager's Rec,FY2015,Budget,FY2016,Budget,Service,Service,FY2017,STM ,Manager's Rec,,
,,,,,,,,,,,,,,,,,,,,,,,,,,,,,,,,,,,,,,,,,,,4,,,,,,,,,,,ATM,,,,Recommendation,,,,5/5/12 STM,,,Budget,Override Budget,Manager Rec,Manager Rec,,,,,,,,,,,,,,,,,
,,Maturing Debt & Interest,,,, ,,,,,,,,,,,,,,,,,,,,,,,,,,,,,,,,,,,,,,,,,,,,,,,,,,,,,,,,,,,,,,,,,,,,,,,,,,,,,,,
710,1,Principal-Loans,308000,294344,349407,305470,391028,,432232,501915,480256,1284785,804529,1.6752086387260128,,1177886.42,1394260.1,1536015,1536013,141754.8999999999,0.12034683276168505,,,1543534,1543534,1529705,7521,-2,0.004896442933751212,7521,0.004896442933751212,-6308,-0.004106736075801442,1701296,1701296,171591,0.11217260844411177,171591,0.11217260844411177,1698912,169207,0.11061413802007576,1701296,171591,0.11217260844411177,2029713,1751371,52459,0.03087799721233354,1751371,52459,0.03087799721233354,0,1773794,22423,0.012803112532981305,1824399,1983212,1938216,1895632,1895632,1895632,2044821,1869785.88,2044821,0,149189,0.07870145682284325,-2044821,2084670.7,2054987,2054986.73,2079853,2876260,2079852.66,2876260,2870573.15,3097672,3102790.88,3102790.88,3097671.53,3102790.88,3095185.66,,
751,2,Interest -Loans,124690,105678,123271,106640,92032,,139171,236339,128894,824597,695703,5.397481651589678,,776484.94,866795.44,909692,907393,42896.560000000056,0.055244548593563265,,,873328,873328,868868,-34065,-2299,-0.03754161647709427,-34065,-0.03754161647709427,-38525,-0.04245679655893312,945109,945109,76241,0.08774750595027092,76241,0.08774750595027092,942725,73857,0.08500370597144791,945109,76241,0.08774750595027092,1203729,897032,-45693,-0.0484690657402742,897032,-45693,-0.0484690657402742,0,832075,-64957,-0.0724132472420159,957375,942039,948614,850236,850236,850236,865089,883077.06,865089,0,14853,0.01746926735635753,-865089,842104.38,780664,780663.63,720264,1674464,872334.61,1674464,1658238.83,1742303,1686358.68,1686358.68,1735905.23,1686358.68,1623033.16,,
752,3,Interest-Temporary Loans,8253,26182,7928,34355,81073,,0,35000,44927,6250,-38677,-0.8608854363745632,,3488.75,5929,5000,78,-929,-0.2662844858473665,,,78,5000,71123,0,-4922,0,4922,63.1025641025641,71045,910.8333333333334,25000,15000,-46123,-0.6484962670303559,-56123,-0.7890977602182135,24034,-47089,-0.662078371272303,15000,-56123,-0.7890977602182135,15000,25000,966,0.0401930598319048,49390,25356,1.0550054090039112,-24390,20000,-29390,-0.5950597286900182,24291,0,0,20000,20000,20000,10000,12051.94,10000,0,-10000,-0.5,-10000,13454.23,18750,749.14,169938,0,4664.47,0,5858.02,1184,0,0,7729.96,27250,33491.78,,
,3A,Administrative Fees - Loans,,,,,,,,,,,,,,,,,,,,,,,,,,,,,,,,,,,,,,,,,,,,,,,,,,,,15797,15797,,14680,10975,11496,10000,10000,10000,12000,13173.65,12000,0,2000,0.2,-12000,10529.03,8778,8778.11,8001,7196,8000.88,7196,7194.56,16856,7708.68,7708.68,16856.15,7708.68,6341.9,,
,3B,Bond Issuance Costs,,,,,,,9600,,25619,,,,,62975.37,22000,22000,5072,0,0,,,36000,36000,15000,30928,-16928,6.097791798107256,30928,6.097791798107256,9928,1.9574132492113565,60000,15000,45000,3,0,0,6636,-8364,-0.5576,15000,0,0,15000,17000,10364,1.5617842073538275,0,-6636,-1,17000,22482,22482,#DIV/0!,450,0,0,15000,0,0,2500,0,2500,0,2500,,,500,0,0,0,,0,0,0,0,0,0,0,0,0,,
 ,,Total Maturing Debt,440943,426204,480606,446465,564133,#REF!,571403,773254,654077,2115632,1461555,2.234530491058392,,1957860.1099999999,2266984.54,2450707,2443484,183722.45999999996,-0.0906931044921182,0,0,2416940,2421862,2469696,-26544,-7223,-0.03264517354334306,-21622,63.06991892902076,26212,910.7867698006986,2671405,2661405,201709,0.0816736148902537,191709,0.07762453354582913,2665671,195975,0.07935187164736064,2661405,191709,0.07762453354582913,3248442,2697793,32122,0.012050249261818132,2697793,32122,0.012050249261818132,0,2664148,-33645,-0.012471305248401194,2821195,2936226,2898326,2790868,2775868,2775868,2934410,2778088.53,2934410,0,158542,0.05711438728354518,,2951258.34,2863179,2845177.61,2978056,4557920,2964852.62,4557920,4541864.56,4858015,4796858.239999999,4796858.239999999,4858162.87,4824108.239999999,4758052.500000001,,
 ,,,,,,,,,,,,,,,,,,,,,,,,,,,,,,,,,,,,,,,,,,,,,,,,,,,,,,,,,,,,,,,,,,,,,,,,,,,,,,,,,,,,,
 ,,,,,,,,,,,,,,,,,,,,,,,,,,,,,,,,,,,,,,,,,,,,,,,,,,,,,,,,,,,,,,,,,,,,,,,,,,,,,,,,,,,,,
 ,,Unclassified   ,,,,,,,,,,,,,,,,,,,,,,,,,,,,,,,,,,,,,,,,,,,,,,,,,,,,,,,,,,,,,,,,,,,,,,,,,,,,,,,,,,,
945,4,Liability Insurance,71543,72709,76770,76275,87042,,119392,100000,128850,142952,14102,0.10944509119130773,,121955,142747.91,145475,158764,2727.0899999999965,0.022361444795211318,,,167262,167262,161594,8498,13289,0.05352598825930312,8498,0.05352598825930312,2830,0.017825199667430902,176000,176000,14406,0.08914934960456453,14406,0.08914934960456453,142190,-19404,-0.12007871579390324,176000,14406,0.08914934960456453,176000,147044,4854,0.03413742175961741,147044,4854,0.03413742175961741,0,140000,-7044,-0.04790402872609559,135696,142800,136797,143914,143914,143914,193726,188001.2,193726,0,49812,0.34612337924037967,-193726,207635.45,199304,179203.58,203200,210364,193556.64,210364,185537.47,194892,232384.65,232384.65,199800.66,232384.65,232384.65,,
912,5,Workers Compensation,20731,25376,37139,45001,72948,,88940,100000,98299,121702,23403,0.23807973631471327,,58911,54475,68043,64620,13568,0.2303135237901241,,,73486,73486,89604,8866,-3423,0.13720210461157537,8866,0.13720210461157537,24984,0.38662952646239557,95000,90983,5396,0.06022052586938083,1379,0.015389937949198696,92412,2808,0.03133788670148654,90983,1379,0.015389937949198696,97000,83579,-8833,-0.09558282474137558,83579,-8833,-0.09558282474137558,0,85000,1421,0.01700187846229316,85000,85000,55293,56675,56675,56675,56675,50359.85,56675,0,0,0,-56675,46860,58942,49686.01,58942,61889,59131.26,61889,78869.65,100414,126527.5,126527.5,109283.35,126527.5,126527.5,,
914.1,6,Group Health Insurance,1038728,1074864,1202062,1368915,1516866,,1923642,2375321,2234321,1126350,-1107971,-0.49588711738376,"$1,522,236 SHIFTED TO SCHOOL DEPT.",1067289.27,1179939.49,1305100,1266574,125160.51000000001,0.11726952900032435,,,1426115,1426115,1391064,159541,-38526,0.1259626362139125,159541,0.1259626362139125,124490,0.09828876954682474,1598994,1519399,207930,0.14947550939424786,128335,0.09225671859813783,1456621,65557,0.047127234979842766,1569399,178335,0.12820042787391522,1566946,1513750,57129,0.03922022269348032,1476675,20054,0.013767479666982696,37075,1563059,86384,0.058498992669341596,1613779,1837200,1734169,1950864,1950864,1950864,2050104,1753689.65,2022304,0,71440,0.03661967210425739,-2022304,1840971.17,1775300,1674065.22,1596566,1754073,1568744.12,1754073,1670769.78,1892087,2041929.22,2041929.22,1805968.97,2071625.52,2305035.11,,
914.2,7,Group Life Insurance,12638,12977,13569,13131,12535,,13943,15100,13840,15100,1260,0.09104046242774566,,12096.5,11858.75,16000,11622,4141.25,0.3423510932914479,,,11622,16000,15137,0,-4378,0,4378,0.37669936327654446,3515,0.3024436413698159,16000,16000,863,0.05701261808812843,863,0.05701261808812843,15114,-23,-0.0015194556385016845,16000,863,0.05701261808812843,16000,15119,5,0.0003308191081116845,15119,5,0.0003308191081116845,0,16800,1681,0.11118460215622726,16022,18060,15307,18421,18421,18421,19066,10870.5,19066,0,645,0.03501438575538787,-19066,9622.5,21020,10056.25,21756,22191,9832.5,22191,9926.25,22635,15000,15000,10073.75,15000,15000,,
525,8,Physicals,275,445,914,1599,2875,,360,360,1725,2200,475,0.2753623188405797,,150,900,2200,1925,1300,8.666666666666666,,,1925,2200,3706,0,-275,0,275,0.14285714285714285,1781,0.9251948051948052,2310,2200,-1396,-0.3766864543982731,-1506,-0.4063680518078791,566,-3140,-0.8472746896923907,2200,-1506,-0.4063680518078791,2200,2231,1665,2.941696113074205,2231,1665,2.941696113074205,0,2200,-31,-0.013895114298520844,2283,2500,1572,2500,2500,2500,2500,3266.6,2500,0,0,0,-2500,4084.33,2500,300,2500,3500,4407,3500,3757,3500,3500,3500,4425,3500,3500,,
195,9,Print Town Reports,5939,6201,5580,7117,5805,,6596,6596,7073,7500,427,0.060370422734341865,,6521.21,7201.45,7500,7126,298.5500000000002,0.04578138106271692,,,8700,8700,8830,1574,-374,0.2208812798203761,1574,0.2208812798203761,1704,0.23912433342688746,9400,8700,570,0.06455266138165346,-130,-0.014722536806342015,8254,-576,-0.0652321630804077,8700,-130,-0.014722536806342015,10300,7942,-312,-0.03779985461594378,7942,-312,-0.03779985461594378,0,5700,-2242,-0.2822966507177033,4101,6500,5008,6500,6500,6500,6500,6125.94,5000,0,-1500,-0.23076923076923078,-5000,5000,5000,6132.5,5000,5000,6337.86,5000,10085.07,11797.14,12000,12000,8575,12000,12000,,
841,10,Mont Reg Planning Assess,1961,2010,2061,2112,2165,,2219,2219,2231,2287,56,0.02510085163603765,,2286.38,2343.54,2344,2402,0.4600000000000364,0.00020119140300389103,,,2463,2463,2463,61,58,0.0253955037468776,61,0.0253955037468776,61,0.0253955037468776,2524,2524,61,0.02476654486398701,61,0.02476654486398701,2524,61,0.02476654486398701,2524,61,0.02476654486398701,2750,2587,63,0.02496038034865293,2587,63,0.02496038034865293,0,2652,65,0.02512562814070352,2652,2700,2718,2786,2786,2786,2970,2785.74,2970,0,184,0.06604450825556353,-2970,2969.14,3044,3043.36,3120,3200,3119.45,3200,3197.43,3278,3359.3,3359.3,3277.37,3359.3,3443.29,,
691,11,Historical Commission,0,639,1025,863,1025,,716,716,889,958,69,0.07761529808773904,,598.6,411.2,958,39,546.8,0.9134647510858669,,,39,958,594,0,-919,0,919,23.564102564102566,555,14.23076923076923,958,850,364,0.6127946127946128,256,0.43097643097643096,0,-594,-1,850,256,0.43097643097643096,850,0,0,#DIV/0!,0,0,#DIV/0!,0,850,850,#DIV/0!,546,850,59,850,850,850,850,0,850,0,0,0,-850,0,850,0,500,500,0,500,500,3000,3000,3000,2500,3000,3000,,
693,12,Band Concerts,2500,3000,3000,3000,3000,,3000,3000,2955,0,-2955,-1,,625,0,0,3000,0,,,,3000,3000,0,0,3000,0,0,0,-3000,-1,0,0,0,,0,,0,0,,0,0,,2500,2500,2500,,2500,2500,,0,2500,0,0,2255,2500,2652,2500,2500,2500,2500,2478,2500,0,0,0,-2500,2500,2500,2500,4200,4200,4200,4200,4200,4200,4200,4200,4200,4200,4200,,
,12A,Agricultural Commission,,,,,,,,,,,,,,,,,,,,,,,,,,,,,,,,,,,,,,,,,,,,,,,,,,,,,,,,,0,,,,,0,,,,,,0,,0,,,0,,0,0,0,0,0,0,0,,
132,13,Reserve Fund             ,168243,55026,92580,43645,84739,,20000,50000,50000,50000,0,0,,68792.42,46825.99,77599,82603,30773.010000000002,0.44733140657066583,,,82603,97603,79773,0,5004,0,15000,0.18159146762224132,-2830,-0.034260256891396196,81000,150000,1227,0.015381143996088902,70227,0.880335451844609,36140,-43633,-0.5469645118022388,90000,10227,0.12820127110676544,80000,40000,3860,0.10680686220254565,40000,3860,0.10680686220254565,0,50000,10000,0.25,0,50000,0,75000,50000,44393.020000000004,50000,44393.02,50000,288432,5606.979999999996,0.12630318910495378,238432,0,50000,0,50000,50000,0,89116,0,127993,75000,75000,0,75000,75000,,
,13A,Salary Reserve Fund,,0,0,0,0,,32250,0,0,9200,9200,,,8507,44854,10001,29897,-34853,-4.096978958504761,,,29897,45001,1140,0,19896,0,15104,0.5052011907549252,-28757,-0.9618690838545674,26000,45000,24860,21.80701754385965,43860,38.473684210526315,28549,27409,24.04298245614035,28955,27815,24.399122807017545,100000,3905,-24644,-0.8632176258362815,3905,-24644,-0.8632176258362815,0,49474,45569,11.669398207426376,0,30000,10360,50000,19547.74,15485.739999999998,114821,9115.19,46878,0,31392.260000000002,2.0271720951016876,-46878,114280.58,44020,15648.88,43000,45000,20809.11,45000,30900.83,23530.33,93999,93999,12808.8,93999,94000,,
913,14,Unemployment Expense,19614,2102,4830,3427,32144,,23119,23119,15819,5000,-10819,-0.6839243947152159,,9836.45,53.8,8000,7870,7946.2,0.8078320938956635,,,8000,8000,19578,130,-130,0.016518424396442185,130,0.016518424396442185,11708,1.487674714104193,8000,8000,-11578,-0.5913780774338543,-11578,-0.5913780774338543,18632,-946,-0.04831954234344672,8000,-11578,-0.5913780774338543,8000,2425,-16207,-0.8698475740661228,2425,-16207,-0.8698475740661228,0,10000,7575,3.1237113402061856,19671,15000,30727,25000,25000,25000,25000,44017.31,48202,0,23202,0.92808,-48202,10282,15000,11312.71,15000,10000,1577.68,10000,-429,10000,10000,10000,0,10000,10000,,
,14A,Unemployment Expense - Stab Fund,,,,,,,,,,,,,,,,,,,,,,,,,,,,,,,,,,,,,,,,,,,,,,,,,,,,,,,,,18627,0,0,0,0,,0,0,0,,0,0,0,0,0,0,0,0,0,0,0,0,0,0,0,,
914.3,15,Medicare - Town's Share      ,68357,75888,83644,93163,101188,,122053,122053,127813,128000,187,0.0014630749610759469,,134693.84,144475.77,140000,158035,-4475.7699999999895,-0.03322921077905262,,,158035,140000,172052,0,18035,0,-18035,-0.11412028980921948,14017,0.08869554212674408,165000,165000,-7052,-0.04098760839746123,-7052,-0.04098760839746123,185738,13686,0.07954571873619604,165000,-7052,-0.04098760839746123,165000,205675,19937,0.10733937051115011,205675,19937,0.10733937051115011,0,173250,-32425,-0.15765163486082412,121449,259087,153218,229500,229500,229500,229500,204575.88,216612,0,-12888,-0.05615686274509804,,202915.27,205000,207617.95,213285,217551,219228.68,217551,239302.69,237000,260700,260700,244772.53,260700,260700,,
,,Total Gen Gov Unclassified,1410529,1331237,1523174,1658248,1922332,#REF!,2356230,2798484,2683815,1611249,-1072566,-0.39964230023306374,,1492262.67,1636086.9,1783220,1794477,147133.1,7.463364912277878,0,0,1973147,1990788,1945535,178670,11257,0.5794859370484868,196311,25.235817375852687,151058,15.80591192566924,2181186,2184656,235651,0.12112400959119214,239121,0.12290758069117236,1986740,41205,0.021179264315471066,2158611,213076,0.10952051749261771,2227546,1989682,2942,0.001480817822160927,1989682,2942,0.001480817822160927,0,2101485,111803,0.05619139138817158,2003454,2452197,2166507,2564510,2509057.74,2499388.7600000002,2754212,2319678.88,2667283,288432,167894.23999999976,0.0671741198035954,,2447120.4400000004,2382480,2159566.46,2217069,2387468,2090944.3,2426584,2236617.17,2634326.47,2881599.67,2881599.67,2405685.4299999997,2911295.9699999997,3144790.55,,
 ,,,,,,,,,,,,,,,,,,,,,,,,,,,,,,,,,,,,,,,,,,,,,,,,,,,,,,,,,,,,,,,,,,,,,,,,,,,,,,,,,,,,,
 ,,General Government,,,,,,,,,,,,,,,,,,,,,,,,,,,,,,,,,,,,,,,,,,,,,,,,,,,,,,,,,,,,,,,,,,,,,,,,,,,,,,,,,,,
131,16,Finance Committee Expense,711,651,587,500,1020,,830,830,1026,500,-526,-0.5126705653021443,,350,337.8,250,250,-87.80000000000001,-0.2508571428571429,,,635,635,330,385,0,1.54,385,1.54,80,0.32,635,500,305,0.9242424242424242,170,0.5151515151515151,389,59,0.1787878787878788,500,170,0.5151515151515151,500,283,-106,-0.27249357326478146,283,-106,-0.27249357326478146,0,500,217,0.7667844522968198,173,500,253,850,850,850,850,173,850,0,0,0,-850,173,850,321,850,800,276,800,403.63,800,800,800,451.9,800,800,,
136,17,Annual Town Audit,10000,10000,10000,10000,13500,,14500,14500,26500,19500,-7000,-0.2641509433962264,,19500,23000,25000,26000,2000,0.10256410256410256,,,28000,28000,28000,2000,1000,0.07692307692307693,2000,0.07692307692307693,2000,0.07692307692307693,30000,30000,2000,0.07142857142857142,2000,0.07142857142857142,30000,2000,0.07142857142857142,30000,2000,0.07142857142857142,30000,30000,0,0,30000,0,0,0,30000,0,0,30000,33000,30000,35000,35000,35000,35875,31000,35875,8000,875,0.025,-27875,32000,35000,35000,43000,35000,41350,35000,35000,46500,37000,37000,44750,37000,43500,,
,18,Charter Review Committee,,,,,,,,,0,,,,,0,0,,664,,,,,0,0,0,-664,,-1,-664,-1,-664,-1,2000,1000,2000,,1000,,0,0,,1000,1000,,0,0,0,#DIV/0!,0,0,#DIV/0!,0,0,0,,0,0,0,0,0,0,0,0,0,0,0,,0,0,0,0,0,0,0,0,0,0,0,0,0,0,0,,
122,19,Selectmen's Administration,67786,69804,70598,74212,76029,,78796,91917,81610,89717,8107,0.09933831638279622,10 HRS MOVED FROM SCHOOL,88849.61,89751.85,89717,106710,-34.85000000000582,-0.0003922358241077909,,,116850,116050,104521,10140,16993,0.0950238965420298,9340,0.08752694217973948,-2189,-0.020513541373816887,116810,116810,12289,0.11757445872121391,12289,0.11757445872121391,114305,9784,0.09360798308473896,116810,12289,0.11757445872121391,124332,123331,9026,0.07896417479550326,123331,9026,0.07896417479550326,0,122143,-1188,-0.009632614671088372,123305,124617,105885,111497,111497,111497,112073,120095.64,44392,50752,-67105,-0.6018547584239935,6360,44117.75,48084,44648.22,63123,46412,41070.57,46412,45662.48,47686.95,52172.36,52172.36,49677.12,52672.36,56302.36,,
122.1,20,Selectmen Salaries,3000,3000,3000,4573,5000,,5000,5000,4284,4500,216,0.05042016806722689,,4270.7,4224.1,4500,500,275.89999999999964,0.0646029924836677,,,4500,4500,383,4000,-4000,8,4000,8,-117,-0.234,500,500,117,0.30548302872062666,117,0.30548302872062666,500,117,0.30548302872062666,500,117,0.30548302872062666,500,500,0,0,500,0,0,0,500,0,0,500,500,500,500,500,500,500,500,500,0,0,0,-500,500,500,500,500,500,500,500,500,500,500,500,500,500,0,,
126,21,Town Manager Salary,0,0,0,18962,72000,,74000,74000,50726,75000,24274,0.47853171943382095,,35402.12,26152.25,100000,85000,73847.75,2.0859697102885364,,,100000,100000,85000,15000,-15000,0.17647058823529413,15000,0.17647058823529413,0,0,85000,85000,0,0,0,0,115228,30228,0.3556235294117647,85000,0,0,115000,113248,-1980,-0.01718332349776096,113248,-1980,-0.01718332349776096,0,115000,1752,0.015470471884713196,113231,115000,116339,117300,117300,117300,120641,118400.29,120641,0,3341,0.028482523444160274,-120641,120640.23,122039,128602.97,125000,127500,127700.79,127500,130824.24,127500,123000,123000,118230.78,123000,127320,,
126,22,Town Manager Expense,0,0,0,4207,6136,,6106,6106,4432,5615,1183,0.26692238267148016,,14640.24,38224.05,5615,9774,-32609.050000000003,-2.2273576116238534,,,19800,19800,7945,10026,4159,1.0257826887661141,10026,1.0257826887661141,-1829,-0.1871291180683446,24800,24800,16855,2.121460037759597,16855,2.121460037759597,8205,260,0.032724984266834484,24800,16855,2.121460037759597,5600,4681,-3524,-0.4294942108470445,4681,-3524,-0.4294942108470445,0,5600,919,0.19632557145908994,2668,3450,3384,5250,5250,5250,5250,4932.5,5250,0,0,0,-5250,6806.76,5000,5704.71,5250,5350,8030.979999999996,5350,5348.71,5447.11,5500,5500,3489.3099999999977,5500,5500,,
135,23,Town Accountant,42664,49656,51690,53781,55003,,82509,85407,89771,107034,17263,0.19230040881799246,1 POSITION MOVED FROM SCHOOL (.5 FTE),110366.07,116166.09,108919,121779,-7247.0899999999965,-0.06566411216780661,,,126242,118869,131928,4463,12860,0.036648354806657964,-2910,-0.023895745571896634,10149,0.08333949203064568,150912,147070,18984,0.14389667091140623,15142,0.11477472560790734,142925,10997,0.08335607300952035,150150,18222,0.13812079315990541,145218,147952,5027,0.035172293160748644,147952,5027,0.035172293160748644,0,148939,987,0.00667108251324754,149924,151940,135902,145601,145601,145601,144048,117867.81,144048,0,-1553,-0.010666135534783416,-144048,139371.68,143969,143646.73,146768,169137,154189.39,169137,176042.84,173885.7,179588.34,179588.34,182716.09000000003,179588.34,202770.03,,
145,24,Treasurer's Administration,53100,56899,77382,83536,96392,,56693,84043,57780,61143,3363,0.058203530633437174,,61972,64906.53,61872,63641,-3034.529999999999,-0.04896614600141998,,,72147,72147,78530,8506,1769,0.1336559764931412,8506,0.1336559764931412,14889,0.2339529548561462,72733,72733,-5797,-0.07381892270469884,-5797,-0.07381892270469884,91946,13416,0.17083916974404686,72733,-5797,-0.07381892270469884,74729,89968,-1978,-0.021512626976703718,89968,-1978,-0.021512626976703718,0,69782,-20186,-0.22436866441401387,66294,76856,77232,79362,79362,79362,81494,67227.46,74870,7549,-4492,-0.05660139613417001,-67321,67710.31,77398,86628.69,79271,63115,57506.4,63115,61326.48,66309.54,70744.9,70744.9,66921.15,73244.9,77097.62,,
149,25,Banking Charges,6370,6878,4834,6821,4279,,6621,7000,6789,6800,11,0.00162026808071881,,7584.19,14833.83,15500,14800,666.1700000000001,0.08783667075851213,,,14800,15500,14828,0,-700,0,700,0.0472972972972973,28,0.0018918918918918919,27700,15500,12872,0.8680874022120313,672,0.04531966549770704,13145,-1683,-0.11350148367952523,15500,672,0.04531966549770704,15500,925,-12220,-0.9296310384176493,925,-12220,-0.9296310384176493,0,500,-425,,1655,1000,738,1000,1000,1000,1000,511.56,1000,0,0,0,-1000,1200.65,1000,638.5,500,1000,120,1000,20,1000,1000,1000,40,1000,1000,,
146,26,Tax Collector's Admin,53728,54769,68011,75023,64411,,75552,76128,80018,67447,-12571,-0.15710215201579644,,73331.26,72483.92,68202,80589,-4281.919999999998,-0.058391469067898175,,,79159,79159,86289,-1430,12387,-0.01774435717033342,-1430,-0.01774435717033342,5700,0.07072925585377657,75253,75253,-11036,-0.1278957920476538,-11036,-0.1278957920476538,72227,-14062,-0.16296399309297824,88519,2230,0.025843386758451253,88521,80394,8167,0.11307405817768978,80394,8167,0.11307405817768978,0,81892,1498,0.018633231335671817,74735,91181,72182,80225,80225,80225,81025,67909.14,78728,4650,-1497,-0.018660018697413523,-74078,64981.28,78313,73267.28,79879,78375,67115.86,78375,77612.31000000001,82021.54,86553.02,90253.02,74752.37000000001,90253.02,93260.18,,
141.1,27,Assessor's Salaries,3000,3000,3000,3000,3000,,3000,3000,3000,2700,-300,-0.1,,2700,2547.83,2700,300,152.17000000000007,0.05635925925925929,,,300,300,300,0,-2400,0,0,0,0,0,300,300,0,0,0,0,300,0,0,300,0,0,300,300,0,0,300,0,0,0,300,0,0,300,300,0,0,0,0,0,0,0,0,0,,0,0,0,0,0,0,0,0,0,0,0,0,0,0,0,,
141,28,Assessor's Administration,66681,70271,71610,85845,85845,,97166,103742,94466,96735,2269,0.024019223847733577,,94222.7,97159.8,97435,134556,275.1999999999971,0.0029207399066254426,,,114473,105223,100252,-20083,37121,-0.14925384226641697,-29333,-0.2179984541752133,-34304,-0.25494218020749726,104973,104973,4721,0.047091329848781074,4721,0.047091329848781074,106525,6273,0.0625723177592467,111986,11734,0.11704504648286318,117145,108043,1518,0.014250176015019949,108043,1518,0.014250176015019949,0,116321,8278,0.07661764297548199,107810,114094,112392,117361,117361,117361,119156,116030.65,119156,0,1795,0.015294689036391987,-119156,119158.13,143698,142980.38,146436,148354,146837.72,148354,167355.77,158298,159391,171891,157141.83,174391,169580.72,,
153,29,Technology Director,,,39500,39573,70373,,136923,159552,124824,147000,22176,0.17765814266487215,,142658.86,145494.55,147000,151452,1505.4500000000116,0.010552797071279077,,,187507,187507,154098,36055,4452,0.23806222433510288,36055,0.23806222433510288,2646,0.01747088186356073,196091,167068,41993,0.2725084037430726,12970,0.08416721826370233,171897,17799,0.11550441926566211,201797,47699,0.30953678827758957,225605,207645,35748,0.2079617445330634,112005,-59892,-0.34841794795720693,95640,160068,48063,0.42911477166197937,140797,148675,150722,170883,172246,172246,191741,156192.61,158624,0,-13622,-0.07908456509875411,-158624,164099.68,127765,118638.75,147595,152480,134854.86,152480,155242.44999999998,168169,170377.86,185447.86,168180.82,185447.86,200932.7,,
155,30,Legal Expenses,35497,38013,38265,40038,36493,,36106,36106,84718,25000,-59718,-0.7049033263297056,,136982.9,106017.64,75000,121773,-31017.64,-0.22643439436601212,,,90000,90000,211656,-31773,46773,-0.26091990835406864,-31773,-0.26091990835406864,89883,0.7381192875267917,100000,95000,-111656,-0.527535245870658,-116656,-0.5511584835771252,128593,-83063,-0.3924433987224553,125000,-86656,-0.40941905733832257,125000,175812,47219,0.3671972813450188,175812,47219,0.3671972813450188,0,95000,-80812,-0.4596500807680932,159898,175000,94438,150000,125000,116735.03,125000,148323.89,125000,0,8264.970000000001,0.07080111257092238,-125000,154576.19,125000,162625.59,112500,112500,116902.31,112500,219148.94,110000,110000,110000,104791.11,110000,110000,,
165,31,Town Clerk Salary,10197,10503,10818,11143,11477,,12000,12360,12360,12360,0,0,,12360,12731,12731,13113,0,0,,,13520,13520,13520,407,382,0.031037901319301456,407,0.031037901319301456,407,0.031037901319301456,14200,13520,680,0.05029585798816568,0,0,14025,505,0.03735207100591716,13520,0,0,54270,40560,26535,1.8919786096256686,40560,26535,1.8919786096256686,0,40560,0,0,39780,40560,40560,40560,41371,41371,41371,41371,42405,0,1034,0.0249933528316937,-42405,42405,43465,43465,45666,46579,45666,46579,46579,47511,47511,47511,47511,48461,49430.22,,
161,32,Town Clerk's Administration,22684,25169,25144,26844,25217,,27532,30951,26976,27895,919,0.034067319098457886,,27895,27966.25,27895,28852,-71.25,-0.0025542211865925792,,,40648,40648,37253,11796,957,0.4088451407181478,11796,0.4088451407181478,8401,0.2911756550672397,43341,43341,6088,0.16342308002040104,6088,0.16342308002040104,34393,-2860,-0.0767723404826457,46552,9299,0.24961748047137144,23522,20264,-14129,-0.41081033931323235,20264,-14129,-0.41081033931323235,0,24513,4249,0.20968219502566127,19232,24757,23731,23758,23758,23758,27490,25527.13,27490,0,3732,0.1570839296237057,-27490,26884.46,29471,28141.59,30160,30383,31290.75,30383,31519.62,33049,34446.4,34446.4,26239,33991.4,33991.4,,
162,33,Elections,8440,4697,7525,5732,7399,,4027,8147,11084,7624,-3460,-0.3121616744857452,,8229.47,8249.66,6260,5417,-1989.6599999999999,-0.24177255643437548,,,11166,11166,10765,5749,-843,1.0612885360900868,5749,1.0612885360900868,5348,0.9872623223186265,9033,9033,-1732,-0.16089177891314446,-1732,-0.16089177891314446,7228,-3537,-0.32856479331165817,9033,-1732,-0.16089177891314446,12659,8529,1301,0.179994465965689,8529,1301,0.179994465965689,0,5801,-2728,-0.31984992378942434,1697,5590,9638,8685,8685,8685,12475,8273.53,12475,0,3790,0.436384571099597,-12475,16660.9,9226,10863.64,16905,14215,12289.99,14215,12439.74,16165,16165,16165,13816.9,7380,10200,,
163,34,Registration & Census,6261,6850,6948,7180,8214,,6050,9634,5720,9015,3295,0.576048951048951,,8987.77,9019.56,9015,9153,-4.559999999999491,-0.0005073561072434531,,,11764,11764,9790,2611,138,0.2852616628427838,2611,0.2852616628427838,637,0.06959466841472742,10789,10789,999,0.10204290091930542,999,0.10204290091930542,8925,-865,-0.08835546475995915,10789,999,0.10204290091930542,8493,10789,1864,0.2088515406162465,11105,2180,0.24425770308123249,-316,13699,2594,0.23358847366051327,8307,12639,7983,14515,13115,13115,12805,9583.26,12805,0,-310,-0.0236370568051849,-12805,13202.39,12654,10877.02,12906,12475,10832.22,12475,12077.3,13046,13046,13046,14032.52,12800,12800,,
175,35,Planning Board ,33451,32240,33643,34105,35660,,37554,38840,36712,35474,-1238,-0.033721943778601,,38517.76,36105.21,35474,56761,-631.2099999999991,-0.016387505400106316,,,83323,78157,84460,26562,21287,0.46796215711492045,21396,0.37694896143478795,27699,0.4879935166751819,93512,88512,9052,0.10717499408003789,4052,0.047975372957613074,91874,7414,0.08778119820033152,93620,9160,0.10845370589628227,108141,97469,5595,0.060898622025817965,97469,5595,0.060898622025817965,0,106520,9051,0.09286029404220829,98144,102909,96486,104729,102729,102729,105817,102467.38,96170,9647,-6559,-0.0638475990226713,-86523,95990.19,101526,94133.29,130955,136515,114034.36,136515,147892.58000000002,142690.52,146013.14,146013.14,141273.34999999998,146013.14,149531.96,,
176,36,Zoning Board of Appeals,3138,2628,1581,4233,1848,,3271,3271,6027,3228,-2799,-0.4644101543056247,,3214.6,3755.28,3228,3180,-527.2800000000002,-0.1640266285074349,,,3180,3228,3170,0,-48,0,48,0.01509433962264151,-10,-0.0031446540880503146,3728,3228,558,0.17602523659305994,58,0.01829652996845426,3188,18,0.0056782334384858045,3228,58,0.01829652996845426,3228,2803,-385,-0.12076537013801757,2803,-385,-0.12076537013801757,0,3228,425,0.15162326079200855,1209,3328,1783,3325,3325,3325,3325,1644.39,3325,0,0,0,-3325,2537.29,3275,2979.74,3275,3975,2068.47,3975,2617.64,3975,3975,3975,3929.76,3975,3900,,
171,37,Conservation Commission,15079,15458,21026,26701,35480,,39142,45325,38360,40364,2004,0.05224191866527633,,37036.55,30413.52,40364,29577,9950.48,0.26866649296438244,,,42489,41314,37484,12912,-10787,0.4365554315853535,11737,0.3968286168306454,7907,0.2673361057578524,44815,39322,7331,0.1955767794258884,1838,0.04903425461530253,38992,1508,0.040230498345960944,48010,10526,0.28081314694269555,43831,40871,1879,0.04818937217890849,40871,1879,0.04818937217890849,0,46861,5990,0.14655868464192215,42175,45589,44780,46508,47008,47008,47981,45268.02,37001,8500,-10007,-0.2128786589516678,-28501,41828.84,45401,43585.18,46644,48996,45491.48,48996,49110.159999999996,49300,50320.96,50320.96,46181.52,50320.96,53202.06,,
,,Total General Government,441787,460486,545162,616009,714776,#REF!,803378,895859,847183,844651,-2532,-0.0029887285273665783,,929071.8,929540.7200000002,936677,1063841,7136.28000000001,-0.6238386142476284,0,0,1160503,1137487,1200502,96662,126500,12.585599527981191,73646,12.38046548781665,136661,1.97709751676111,1207125,1144252,6623,0.005516858780743389,-56250,-0.04685539882482495,1194810,-5692,-0.004741349868638286,1249347,48845,0.04068714587730799,1322094,1304367,109557,0.09169407688251689,1209043,14233,0.011912354265531758,95324,1187727,-21316,-0.017630473027013926,1181834,1271485,1124928,1256909,1231183,1222918.03,1269917,1183299.26,1140605,89098,-82313.03000000003,-0.0673087058827647,,1154844.73,1153634,1177248.2799999998,1237183,1233661,1158128.15,1233661,1376723.8900000001,1293854.3599999999,1308104.98,1339374.98,1264626.53,1336338.98,1401119.2499999998,,
,,Central Purchasing,,,,,,,,,,,,,,,,,,,,,,,,,,,,,,,,,,,,,,,,,,,,,,,,,,,,,,,,,,,,,,,,,,,,,,,,,,,,,,,,,,,
,38,Central Purchasing,,,0,0,0,,0,,127963,131005,3042,NEW,,134771.98,184527.36,56874,36180,-127653.35999999999,-0.9471802669961514,,,56950,56950,28395,20770,-20694,0.5740740740740741,20770,0.5740740740740741,-7785,-0.21517412935323382,64200,64200,35805,1.260961436872689,35805,1.260961436872689,42364,13969,0.4919528085930622,64200,35805,1.260961436872689,64200,46331,3967,0.0936408271173638,46331,3967,0.0936408271173638,0,41612,-4719,-0.10185405020396711,50541,41650,46836,42750,42750,42750,55250,63902.82,55250,0,12500,0.29239766081871343,-55250,61250,54015,44120.16,52950,52950,49634.2,52950,45307.770000000004,55303,55303,55303,42853.31,55303,55303,,
,,Total Central Purchasing,,,0,0,0,,0,0,127963,131005,3042,0.023772496737338136,,134771.98,184527.36,56874,36180,-127653.35999999999,-0.9471802669961514,0,0,56950,56950,28395,20770,-20694,0.5740740740740741,20770,0.5740740740740741,-7785,-0.21517412935323382,64200,64200,35805,1.260961436872689,35805,1.260961436872689,42364,13969,0.4919528085930622,64200,35805,1.260961436872689,64200,46331,3967,0.0936408271173638,46331,3967,0.0936408271173638,0,41612,-4719,-0.10185405020396711,50541,41650,46836,42750,42750,42750,55250,63902.82,55250,0,12500,0.29239766081871343,,61250,54015,44120.16,52950,52950,49634.2,52950,45307.770000000004,55303,55303,55303,42853.31,55303,55303,,
 ,,,,,,,,,,,,,,,,,,,,,,,,,,,,,,,,,,,,,,,,,,,,,,,,,,,,,,,,,,,,,,,,,,,,,,,,,,,,,,,,,,,,,
 ,,Protection,,,,,,,,,,,,,,,,,,,,,,,,,,,,,,,,,,,,,,,,,,,,,,,,,,,,,,,,,,,,,,,,,,,,,,,,,,,,,,,,,,,
210,39,Police Department,584783,649905,713341,792975,795296,,843131,921003,869950,845308,-24642,-0.02832576584861199,,854121.56,917925.74,909762,1014251,-8163.739999999991,-0.009657710562303906,,,1267881,1203581,1128518,253630,104489,0.25006630508621636,189330,0.1866697691202671,114267,0.11266146151199259,1291501,1179501,162983,0.1444221536563883,50983,0.04517694888340283,1214188,85670,0.07591372047233629,1382296,253778,0.2248772283649884,1257703,1234923,20735,0.017077256569822796,1234923,20735,0.017077256569822796,0,1254162,19239,0.015579108980883829,1215166,1227697,1225071,1379237,1299899,1324492,1331960,1335086.56,1310740,31554,-13752,-0.010382848669527638,-1279186,1312356.56,1227995,1258776.16,1267069,1352982,1267389.89,1326982,1363555.82,1400671,1466780.75,1694897.75,1417828.67,1543198.75,1659229.47,,
213,40,Police Lock Up,13768,18955,19000,18412,20251,,16969,22300,23170,19800,-3370,-0.14544669831678894,,13107.18,20281.19,19800,34273,-481.1899999999987,-0.024302525252525187,,,31200,31200,37730,-3073,14473,-0.08966241647944447,-3073,-0.08966241647944447,3457,0.1008665713535436,32450,28500,-5280,-0.13994169096209913,-9230,-0.24463291810230586,37854,124,0.0032865094089583884,32450,-5280,-0.13994169096209913,44400,50195,12341,0.3260157447033339,50195,12341,0.3260157447033339,0,44400,-5795,-0.11544974599063652,38579,48200,63531,48200,48200,48200,48600,50935.05,48600,0,400,0.008298755186721992,-48600,71203.12,52850,57033.09,53907,75000,82107.4,75000,64306.53,78600,80060,80060,60586.11,80060,80060,,
214,41,Injury Leave,124,0,35966,6795,10154,,51520,51520,35974,2500,-33474,-0.9305053649858231,,1309.34,23548.68,2500,32351,-21048.68,-8.419472,,,2500,2500,17202,-29851,29851,-0.9227226360854378,-29851,-0.9227226360854378,-15149,-0.4682699143766808,2500,2500,-14702,-0.8546680618532728,-14702,-0.8546680618532728,10255,-6947,-0.40384838972212533,2500,-14702,-0.8546680618532728,2500,1130,-9125,-0.8898098488542174,1130,-9125,-0.8898098488542174,0,7500,6370,5.6371681415929205,63775,5000,38263,5000,5000,5000,5000,1191.03,5000,0,0,0,-5000,46072.37,5250,18656.12,5000,5000,11576.26,5000,3429.49,5513,5623,5623,325.83,5623,4000,,
524,42,Police/Fire Medical Expenses,267,155,11216,1135,2720,,3426,3426,6020,2000,-4020,-0.6677740863787376,,1402.99,2061,2000,2073,-61,-0.0305,,,2073,2000,70,0,73,0,-73,-0.035214664737095995,-2003,-0.9662325132657984,2000,2000,1930,27.571428571428573,1930,27.571428571428573,620,550,7.857142857142857,2000,1930,27.571428571428573,2000,303,-317,-0.5112903225806451,303,-317,-0.5112903225806451,0,2000,1697,5.600660066006601,2251,2500,7043,4000,4000,4000,5000,6118.29,5000,0,1000,0.25,-5000,6133.12,5000,5085.85,5000,5000,5538.849999999999,5000,1109.8,5000,5000,5000,0,5000,4000,,
 ,,Subtotal Police,1.5510412949887541e+38,1.6566623486479624e+38,1.7861302425745665e+38,1.892808009774123e+38,1.9989203033939323e+38,#REF!,1.7003397064330414e+38,1.780300672406283e+38,1.6840348801767619e+38,1.6356349661395686e+38,-4.8399914037193226e+36,210.86443694859645,0,1.6951561249259126e+38,1.804589312232631e+38,1.7712853441615555e+38,1.958367045160104e+38,-3.330396807107516e+36,-7.495617045792254e+32,0,0,2.442115697773437e+38,2.1725312392301175e+38,2.154722472301727e+38,4.8374865261333405e+37,1.855605202782724e+37,4.638658593223226e+32,2.141641940700141e+37,3.425155422920436e+32,1.6892874157918188e+37,2.1460645158472153e+32,2.862631910206428e+38,2.2369333659723053e+38,7.079094379047009e+37,0.3285385691218483,8.221089367057811e+36,0.038153820144994556,2.348173864036301e+38,1.9345139173457399e+37,0.08978018943104282,2.6263868652732062e+38,4.7166439297147905e+37,0.21889797829399144,2.662597456786797e+38,1286551,-2.348173864036301e+38,-1,1286551,-2.348173864036301e+38,-1,0,2.387785815640424e+38,2.387785815640424e+38,1.8559589286708606e+32,1319771,2.5220685507828406e+38,1333908,3.3551381016384267e+38,2.658430638557824e+38,2.679432870878308e+38,2.7194762293347025e+38,1393330.9300000002,1369340,31554,-2.679432870878308e+38,-1,,1435765.1700000004,1291095,1339551.2200000002,1330976,1437982,1366612.4,1411982,1432401.6400000001,1489784,1557463.75,1785580.75,1478740.61,1633881.75,1747289.47,,
 ,,,,,,,,,,,,,,,,,,,,,,,,,,,,,,,,,,,,,,,,,,,,,,,,,,,,,,,,,,,,,,,,,,,,,,,,,,,,,,,,,,,,,
220,43,Fire Department,207078,227116,248431,269762,317743,,340321,355134,322292,324495,2203,0.006835416330532561,,352254.31,357980.02,364495,400842,6514.979999999981,0.020077289326491877,,,588105,427480,460308,187263,36347,0.4671740985226099,26638,0.0664551119892626,59466,0.1483527175296002,711679,462918,251371,0.5460930507399393,2610,0.005670116530670768,487180,26872,0.05837830322305934,553720,93412,0.20293368787855087,671503,505091,17911,0.03676464551089946,505091,17911,0.03676464551089946,0,520833,15742,0.031166661057116442,528996,541773,574306,868110,581339,587293,601118,611536.82,607761,5463,20468,0.034851428503319466,-602298,620810,617708,623367.11,628529,703540,653371.81,703540,696901.8899999999,730697.36,743477.09,1319049.0899999999,724306.9299999999,827122.09,938119.64,,
,43A,Capital - Fire Dept.,,,,,,,,,,,,,,,,,,,,,,,,4204,,,,,,,,18000,18000,13796,,13796,,53774,49570,,18000,13796,,20000,16532,-37242,-0.692565180198609,16532,-37242,-0.692565180198609,0,20000,3468,0.20977498185337526,15358,16000,16311,20000,20000,20000,20000,21052.49,21988,0,1988,0.0994,-21988,17310.260000000002,20000,18882,20000,20000,17862.57,20000,21289.940000000002,18500,18500,18500,19151.16,18500,20000,,
223,44,Fire Hydrant Expense,14610,14448,13760,13760,7260,,13832,13832,13527,13800,273,0.0201818585052118,,13930,13946.92,13800,13703,-146.92000000000007,-0.010646376811594208,,,13950,13950,14193,247,-97,0.018025249945267458,247,0.018025249945267458,490,0.035758593008830185,13950,13950,-243,-0.017121116043119847,-243,-0.017121116043119847,14154,-39,-0.002747833439019235,13950,-243,-0.017121116043119847,14152,14236,82,0.005793415288964251,14236,82,0.005793415288964251,0,14265,29,0.0020370890699634727,14361,14265,14659,15000,15000,15000,15000,14747.04,15000,0,0,0,-15000,14952,15000,14952,15000,15000,14952,15000,14952.58,15000,15000,15000,14979,15000,15000,,
227,45,Radio Equipment Mtc.,2972,2993,3343,2574,2061,,2667,2667,0,0,0,,,0,3090,3090,1911,0,,,,5000,5000,3416,3089,-1179,1.6164311878597593,3089,1.6164311878597593,1505,0.7875457875457875,10000,5000,6584,1.9274004683840749,1584,0.4637002341920375,4484,1068,0.3126463700234192,10000,6584,1.9274004683840749,10000,14036,9552,2.130240856378234,14036,9552,2.130240856378234,0,10000,-4036,-0.28754630948988313,4277,10000,5463,10000,10000,10000,10000,10107.73,10000,0,0,0,-10000,8351.29,10000,9985,10000,10000,5585.58,10000,4680.91,10000,10000,10000,9784.32,10000,10000,,
 ,,,,,,,,,,,,,,,,,,,,,,,,,,,,,,,,,,,,,,,,,,,,,,,,,,,,,,,,,,,,,,,,,,,,,,,,,,,,,,,,,,,,,
 ,,Subtotal Fire Dept.,36314752,38643254,40898298,44072256,49259578,#REF!,356820,371633,335819,338295,2476,0.007373019394376137,,366184.31,375016.94,381385,416456,6368.059999999981,0.00943091251489767,0,0,607055,446430,482121,190599,35071,2.1016305363276366,29974,1.7009115497942893,61461,0.9716570980842179,753629,499868,271508,0.5631532333169474,17747,0.0368102613244393,559592,77471,0.16068787710968824,595670,113549,0.23551971393073523,715655,549895,-9697,-0.01732869662182447,549895,-9697,-0.01732869662182447,0,565098,15203,0.027647096263832185,562992,582038,610739,913110,626339,632293,646118,657444.08,654749,5463,22456,0.03551518046222242,,661423.55,662708,667186.11,673529,748540,691771.96,748540,737825.3199999998,774197.36,786977.09,1362549.0899999999,768221.4099999999,870622.09,983119.64,,
228,46,Radio Watch,117932,120002,120299,129680,137649,,143728,142160,143842,151641,7799,0.05421921274731998,,155104.24,163589.07,151641,168883,-11948.070000000007,-0.07879181751637095,,,175326,174326,177946,6443,17242,0.03815067235897041,5443,0.03222941326243613,9063,0.05366437119189024,180635,180635,2689,0.015111325907859689,2689,0.015111325907859689,186796,8850,0.04973418902363638,180635,2689,0.015111325907859689,180635,182042,-4754,-0.02545022377352834,182042,-4754,-0.02545022377352834,0,180635,-1407,-0.007728985618703377,173298,193925,179122,211723,211723,211723,231079,184498.82,205079,0,-6644,-0.03138062468413918,-205079,200719.36,248293,248799.62,249513,261975,255567.57,287975,282115.24,261440.2,255718.71,293366.70999999996,257231.11,255718.71,276467.51,,
 ,,,,,,,,,,,,,,,,,,,,,,,,,,,,,,,,,,,,,,,,,,,,,,,,,,,,,,,,,,,,,,,,,,,,,,,,,,,,,,,,,,,,,
,,Subtotal Radio Watch,,,,,,,,,,,,,,,,,,,,,,,,,,,,,,,,,,,,,,,,,,,,,,,,182042,,,,,,,173298,193925,179122,211723,211723,211723,231079,184498.82,205079,0,-6644,-0.03138062468413918,-205079,200719.36,248293,248799.62,249513,261975,255567.57,287975,282115.24,261440.2,255718.71,293366.70999999996,257231.11,255718.71,276467.51,,
291,47,Emergency Management,719,759,767,1080,1074,,1074,1074,914,907,-7,-0.007658643326039387,,900.5,1213.65,907,1007,-306.6500000000001,-0.3405330372015548,,,1157,1157,1098,150,100,0.14895729890764647,150,0.14895729890764647,91,0.0903674280039722,1307,1307,209,0.19034608378870674,209,0.19034608378870674,1127,29,0.026411657559198543,1307,209,0.19034608378870674,1507,0,-1127,-1,0,-1127,-1,0,3500,3500,#DIV/0!,263,3500,2500,5750,5750,5750,5750,8250.35,3250,0,-2500,-0.43478260869565216,-3250,19747.18,4250,4500,6500,6500,6031.04,6500,4500,6500,6500,6500,5495,6500,6500,,
244,48,Sealer of Weights & Measures,1000,1000,1000,1177,1000,,1084,1084,404,2310,1906,4.717821782178218,,1500.03,2285.1,2310,4745,24.90000000000009,0.01659966800663993,,,3350,3350,3322,-1395,2435,-0.2939936775553214,-1395,-0.2939936775553214,-1423,-0.2998946259220232,3350,3350,28,0.008428657435279952,28,0.008428657435279952,3342,20,0.006020469596628537,3350,28,0.008428657435279952,3350,3255,-87,-0.026032315978456014,3255,-87,-0.026032315978456014,0,3000,-255,-0.07834101382488479,3171,3350,3100,3350,3350,3350,4100,3434.69,4100,0,750,0.22388059701492538,-4100,5080,4000,5108.16,4000,4100,4024,4100,4315,4300,4300,4300,4145,4300,4300,,
245,49,Wiring Inspector ,5944,8949,9449,14268,12625,,14932,16650,20590,15206,-5384,-0.26148615832928607,,21202.52,18277.91,20000,16855,1722.0900000000001,0.08122100580497035,,,21000,21000,17403,4145,-3145,0.2459210916641946,4145,0.2459210916641946,548,0.032512607534856124,21250,21000,3847,0.2210538412917313,3597,0.2066885019824168,12866,-4537,-0.2607021777854393,21000,3597,0.2066885019824168,21000,11983,-883,-0.06863049898958495,11983,-883,-0.06863049898958495,0,10000,-1983,-0.16548443628473672,17931,17500,24882,17500,17500,17500,17500,16900.16,17500,0,0,0,-17500,18599.63,16500,21912.33,16500,16500,26754.77,16500,26563.36,20000,20000,20000,33803.54,0,0,,
241,50,Building Inspector,62180,64518,67397,70300,80632,,89839,89839,86375,82994,-3381,-0.03914327062228654,,84181.86,91702.06,92994,99369,1291.9400000000023,0.015347011814659386,,,102952,102952,102974,3583,6375,0.036057522969940324,3583,0.036057522969940324,3605,0.03627891998510602,108332,103422,5358,0.05203255190630644,448,0.004350612776040554,112146,9172,0.08907102763804456,115395,12421,0.1206226814535708,122805,111525,-621,-0.005537424428869509,111525,-621,-0.005537424428869509,0,112512,987,0.008850033624747814,107213,115831,117306,124903,124903,124903,130140,124355.87,118849,11290,-6054,-0.04846961241923733,-107559,114844.42,120864,117494.08,120935,123093,118589.99,123093,143366.55,127410.07,130469.8,130469.8,121748.43,130469.8,140283.6,,
,51,Municipal Hearing Officer,,,,,,,,,,,,,,,,,1250,,,,,2500,2500,2500,1250,,1,1250,1,1250,1,2500,2500,0,0,0,0,2443,-57,-0.0228,2500,0,0,2500,2500,57,0.023331968890708144,2500,57,0.023331968890708144,0,2500,0,0,2500,2500,2500,2500,0,0,0,0,0,0,0,#DIV/0!,0,0,0,0,0,0,0,0,0,0,0,0,0,0,0,,
242-3,52,Plumbing/Gas Inspector,10338,8713,8583,12584,11693,,11346,11346,16949,13053,-3896,-0.22986606879461915,,16037,12991,17000,13202,4009,0.24998441104944816,,,17849,17849,13950,4647,-3798,0.3519921224056961,4647,0.3519921224056961,748,0.0566580821087714,18200,17849,4250,0.3046594982078853,3899,0.27949820788530466,9633,-4317,-0.30946236559139784,17849,3899,0.27949820788530466,17849,7084,-2549,-0.26461123222256827,7084,-2549,-0.26461123222256827,0,8000,916,0.1293054771315641,13037,15000,21150,15000,15000,15000,15000,12271,15000,0,0,0,-15000,13083.8,15000,13279,15000,15000,18222.2,15000,17317.4,15000,15000,15000,18383.2,0,0,,
292,53,Animal Control,23200,24167,27673,24068,23990,,25590,24180,23817,23817,0,0,,23554.02,25839.28,23817,22302,-2022.2799999999988,-0.08585710634532868,,,22302,23817,24131,0,-1515,0,1515,0.06793112725316115,1829,0.082010582010582,25008,23817,877,0.036343292859806885,-314,-0.013012307819816833,23794,-337,-0.013965438647383034,23817,-314,-0.013012307819816833,23817,23824,30,0.0012608220559804993,23824,30,0.0012608220559804993,0,24180,356,0.014942914707857623,24159,24580,24453,24580,24580,24580,24580,24569.93,24580,0,0,0,-24580,24570.73,24080,24080,24330,25300,24464.63,25300,25299.57,40000,40000,40000,51488.68,40000,40000,,
 ,,,,,,,,,,,,,,,,,,,,,,,,,,,,,,,,,,,,,,,,,,,,,,,,,,,,,,,,,,,,,,,,,,,,,,,,,,,,,,,,,,,,,
 ,,Subtotal Other Protection,103381,108106,114869,123477,131014,#REF!,143865,144173,149049,138287,-10762,-0.07220444283423572,,147375.93,152309,157028,158730,4719.000000000004,-0.06323804687116567,0,0,171110,172625,165378,12380,452,1.4889343583921562,13895,1.5568654856453172,6648,0.9979329937212645,179947,173245,14569,0.08809515171304527,7867,0.047569809769134955,165351,-27,-0.00016326234444726627,185218,19840,0.11996758940125046,192828,160171,-5180,-0.03132729768794867,160171,-5180,-0.03132729768794867,0,163692,3521,0.02198275592960024,168274,182261,195891,193583,191083,191083,197070,189782,183279,11290,-7804,-0.040840891131079166,,195925.75999999998,184694,186373.57,187265,190493,198086.63,190493,221361.87999999998,213210.07,216269.8,216269.8,235063.85,181269.8,191083.6,,
 ,,,,,,,,,,,,,,,,,,,,,,,,,,,,,,,,,,,,,,,,,,,,,,,,,,,,,,,,,,,,,,,,,,,,,,,,,,,,,,,,,,,,,
 ,,Total Protection,1.5510412949887541e+38,1.6566623486479624e+38,1.7861302425745665e+38,1.892808009774123e+38,1.9989203033939323e+38,#REF!,1.7003397064330414e+38,1.780300672406283e+38,1.6840348801767619e+38,1.6356349661395686e+38,-4.8399914037193226e+36,-0.02874044629771149,,1.6951561249259126e+38,1.804589312232631e+38,1.7712853441615555e+38,1.958367045160104e+38,-3.330396807107516e+36,-7.495617045792254e+32,0,0,2.442115697773437e+38,2.1725312392301175e+38,2.154722472301727e+38,4.8374865261333405e+37,1.855605202782724e+37,4.638658593223226e+32,2.141641940700141e+37,3.425155422920436e+32,1.6892874157918188e+37,2.1460645158472153e+32,2.862631910206428e+38,2.2369333659723053e+38,7.079094379047009e+37,0.3285385691218483,8.221089367057811e+36,0.038153820144994556,2.348173864036301e+38,1.9345139173457399e+37,0.08978018943104282,2.6263868652732062e+38,4.7166439297147905e+37,0.21889797829399144,2.662597456786797e+38,1996617,-2.348173864036301e+38,-1,2178659,-2.348173864036301e+38,-1,-182042,2.387785815640424e+38,2.387785815640424e+38,1.0959887782532394e+32,2224335,2.5220685507828406e+38,2319660,3.3551381016384267e+38,2.658430638557824e+38,2.679432870878308e+38,2.7194762293347025e+38,2425055.83,2412447,48307,-2.679432870878308e+38,-1.036706335352996,-205079,2493833.8400000003,2386790,2441910.5200000005,2441283,2638990,2512038.5599999996,2638990,2673704.08,2738631.63,2816429.35,3657766.3499999996,2739256.98,2941492.35,3197960.2199999997,,
 ,,,,,,,,,,,,,,,,,,,,,,,,,,,,,,,,,,,,,,,,,,,,,,,,,,,,,,,,,,,,,,,,,,,,,,,,,,,,,,,,,,,,,
 ,,Health & Sanitation,,,,,,,,,,,,,,,,,,,,,,,,,,,,,,,,,,,,,,,,,,,,,,,,,,,,,,,,,,,,,,,,,,,,,,,,,,,,,,,,,,,
512,54,General Health Expense,17380,18684,19936,23248,19321,,20478,22841,20118,20562,444,0.02206978824932896,,20785.49,20705.99,20562,20767,-143.9900000000016,-0.006927428701464415,,,28215,22682,20793,7448,205,0.3586459286367795,1915,0.09221360812828044,26,0.0012519863244570713,30293,24459,9500,0.45688452844707356,3666,0.1763093348723128,23435,2642,0.12706199201654403,30459,9666,0.46486798441783295,27983,26909,3474,0.14823981224663965,26909,3474,0.14823981224663965,0,30748,3839,0.14266602252034635,28790,32240,31035,33009,33009,33009,34116,31657.39,23316,8500,-9693,-0.2936471871307825,-14816,28413.51,31689,30196.37,32628,32590,32197.09,32590,38031.64,33883,33883.51,33883.51,32677.45,33883.51,35055.96,,
519,55,Nashoba Board of Health,24655,24655,24655,24655,24655,,25148,25148,25148,25148,0,0,,25148,25148,25148,25148,0,0,,,25903,25903,25903,755,0,0.030022268172419278,755,0.030022268172419278,755,0.030022268172419278,25903,25903,0,0,0,0,25902,-1,-3.860556692275026e-05,25903,0,0,25903,25902,0,0,25902,0,0,0,25903,1,3.860705737008725e-05,25902,25903,25902,25903,25903,25903,21988,25902,21988,0,-3915,-0.15114079450256726,-21988,21967.32,21967,21967.32,21967,22846,21967.32,22846,22846,23532,24707.95,24707.95,23531.4,24707.95,25943.35,,
522,56,Nashoba Nursing,6943,6943,6943,6943,6943,,7112,7396,7396,7396,0,0,,7396,7396,7396,7396,0,0,,,7618,7618,7618,222,0,0.030016224986479177,222,0.030016224986479177,222,0.030016224986479177,7618,7618,0,0,0,0,7618,0,0,7618,0,0,7618,7618,0,0,7618,0,0,0,7618,0,0,7618,7618,7618,7618,7618,7618,9884,7618,9884,0,2266,0.2974533998424783,-9884,9833.84,9834,9833.84,9834,10227,9833.84,10227,10227.2,10739,11275.49,11275.49,10738.56,11275.49,11839.27,,
523,57,Mental Health,5000,5000,5000,5000,5000,,5000,5000,5000,5000,0,0,,5000,5000,5000,5000,0,0,,,5000,5000,5000,0,0,0,0,0,0,0,5000,5000,0,0,0,0,5000,0,0,5000,0,0,5000,0,-5000,-1,0,-5000,-1,0,0,0,#DIV/0!,0,0,0,0,0,0,0,0,0,0,0,,0,0,0,0,0,0,0,0,0,0,0,0,0,0,0,,
299,58,Animal Inspector Salary,600,600,600,600,600,,600,600,600,600,0,0,,600,600,600,600,0,0,,,600,600,600,0,0,0,0,0,0,0,600,600,0,0,0,0,600,0,0,600,0,0,600,600,0,0,600,0,0,0,600,0,0,600,600,600,600,600,600,600,600,600,0,0,0,-600,600,600,600,600,1000,600,1000,1000,1000,1000,1000,1000,1000,1000,,
 ,,Total Health & Sanitation,54578,55882,57134,60446,56519,#REF!,58338,60985,58262,58706,444,0.007620747657135011,,58929.490000000005,58849.990000000005,58706,58911,-143.9900000000016,-0.006927428701464415,0,0,67336,61803,59914,8425,205,0.41868442179567794,2892,0.1522521012871789,1003,0.061290479483355524,69414,63580,9500,0.15856060353172882,3666,0.061187702373401875,62555,2641,0.04407984778182061,69580,9666,0.1613312414460727,67104,61029,-1526,-0.024394532811126208,61029,-1526,-0.024394532811126208,0,64869,3840,0.0629209064543086,62910,66361,65155,67130,67130,67130,66588,65777.39,55788,8500,-11342,-0.16895575748547595,,60814.67,64090,62597.53,65029,66663,64598.25,66663,72104.84,69154,70866.95000000001,70866.95000000001,67947.41,70866.95000000001,73838.58,,
 ,,,,,,,,#REF!,,,,,0,,,,,,,,,,,,,,,,,,,,,,,,,,,,,,,,,,,,,,,,,,,,,,,,,,,,,,,,,,,,,,,,,,,,,,,,
 ,,,,,,,,,,,,,,,,,,,,,,,,,,,,,,,,,,,,,,,,,,,,,,,,,,,,,,,,,,,,,,,,,,,,,,,,,,,,,,,,,,,,,
 ,,Department of Public Works,,,,,,,,,,,,,,,,,,,,,,,,,,,,,,,,,,,,,,,,,,,,,,,,,,,,,,,,,,,,,,,,,,,,,,,,,,,,,,,,,,,
421,59,Highway Labor,241365,242579,227521,224227,214144,,231993,265575,321514,376667,55153,0.17154151918734487,"DPW DIRECTOR-OHTER REVENUE SOURCE/$27,739 SEWER ENTERPRISE",350829.31,349346.03,353675,331426,4328.969999999972,0.012339248394040886,,,414574,414574,329893,83148,-22249,0.25087953268602947,83148,0.25087953268602947,-1533,-0.004625466921726117,450691,382338,120798,0.36617327436471825,52445,0.1589757891195024,377146,47253,0.14323735271739624,395754,65861,0.19964352077794922,449319,377375,229,0.0006071919097643884,377375,229,0.0006071919097643884,0,344989,-32386,-0.0858191454123882,384783,391699,369862,423796,387114,387114,380896,350738.07,380896,34698,-6218,-0.01606245188755767,-346198,346108.07,371725,370700.76,381867,406353,374024.43,406353,394120.68,452617.95,472606.02,472606.02,445651.2,472606.02,512824.34,,
420,60,Highway OT,1815,2338,832,1835,2701,,4250,4250,2266,1000,-1266,-0.558693733451015,,1739.57,3185.17,3000,3429,-185.17000000000007,-0.10644584581247095,,,3429,3000,4983,0,429,0,-429,-0.12510936132983377,1554,0.4531933508311461,5000,5000,17,0.0034115994380895043,17,0.0034115994380895043,2819,-2164,-0.4342765402368051,5000,17,0.0034115994380895043,5150,1879,-940,-0.3334515785739624,1879,-940,-0.3334515785739624,0,2518,639,0.3400745077168707,3599,3000,4197,3000,3000,3000,3090,8322.26,3090,0,90,0.03,-3090,5944.73,3000,6391.47,6155,6200,6559.67,6200,9101.14,6526.02,6787.06,6787.06,9605.82,6787.06,6787.06,,
411,61,General Highway Maintenance,117146,110632,95532,97996,99524,,96137,96137,63549,37005,-26544,-0.4176934334135864,,59045.02,78259.12,58000,79695,-20259.119999999995,-0.3431131025105927,,,110000,73000,54074,30305,21695,0.3802622498274672,-6695,-0.08400777965995357,-25621,-0.3214881736620867,525000,140675,470926,8.708917409475903,86601,1.6015275363390908,121041,66967,1.2384325184007101,275000,220926,4.0856234049635685,140675,51751,-69290,-0.5724506572153237,51751,-69290,-0.5724506572153237,0,120850,69099,1.3352205754478175,77353,113500,104639,965500,130500,130500,126500,128021.56,130500,550000,0,0,419500,179995.6,240525,270358.11,371799,412500,414388.43,412500,474239.27,573107,412500,462500,635163.55,462500,512500,,
,61A,Capital - General Highway,,,,,,,,,,,,,,,,,,,,,,,,55000,,,,,,,,,,,,,,0,-55000,-1,,-55000,-1,,0,0,,0,0,,0,0,0,,0,0,0,0,0,0,,0,0,0,0,,0,0,0,0,0,0,0,0,0,0,0,0,0,0,0,,
412,62,Town Highway Garage,19735,19152,20290,20330,20329,,23368,23368,5300,5300,0,0,,6095.3,4843.54,5300,14073,456.46000000000004,0.07488720817679195,,,15013,13513,19254,940,8773,0.0667945711646415,-560,-0.039792510481063026,5181,0.36815178000426346,15810,14500,-3444,-0.17887192271735744,-4754,-0.24690973304248467,18059,-1195,-0.062065025449257294,14500,-4754,-0.24690973304248467,16200,19845,1786,0.09889805637078465,19845,1786,0.09889805637078465,0,16870,-2975,-0.14991181657848324,18343,17463,15494,18183,18183,18183,19691,17131.99,19691,0,1508,0.08293460925039872,-19691,23621.71,1000,1298.34,1000,1020,519.88,1020,1503.62,1040,1040,1040,1048.66,1040,1040,,
425,63,Traffic Signs & Devices,10604,9636,10283,10574,10654,,11106,11106,4527,5000,473,0.10448420587585598,,6299.67,8767,5000,5079,-3767,-0.5979678300609397,,,7500,5950,7765,2421,79,0.47666863555818073,871,0.17149045087615672,2686,0.5288442606812365,15000,10000,7235,0.9317450096587251,2235,0.28783000643915,11499,3734,0.48087572440437865,15000,7235,0.9317450096587251,27650,17205,5706,0.4962170623532481,17205,5706,0.4962170623532481,0,16400,-805,-0.046788724208079044,13951,12650,11713,42225,38575,38575,26575,37563.79,26575,0,-12000,-0.31108230719377833,-26575,25007.18,26575,29887.87,27000,27745,22884.2,27745,22856.47,28253,28253,28253,4710.16,28253,28253,,
429,64,Vehicle Mtc. - Highway,102804,102744,101607,102333,93880,,97302,109218,37166,48344,11178,0.30075875800462787,,58477.46,63343.11,48344,44340,-14999.11,-0.25649386960377557,,,51300,48344,43886,6960,-4004,0.15696887686062247,4004,0.09030221019395579,-454,-0.010239061795218765,60021,52000,16135,0.3676571116073463,8114,0.18488811921797385,45265,1379,0.031422321469261265,60021,16135,0.3676571116073463,52000,61851,16586,0.3664199712802386,61851,16586,0.3664199712802386,0,53035,-8816,-0.1425360948084914,38814,53035,44286,56315,56315,56315,59444,55382.99,59444,0,3129,0.055562461155997514,-59444,55480.89,64588,60124.92999999999,67817,70843,45859.69,70843,51331.85,87550,73480,73480,70312.26000000001,73480,73480,,
 ,65,Vehicle Mtc - Police,,,,,,,29132,,27728,20000,,,,29198.95,30824.57,30000,40199,-824.5699999999997,,,,34500,34500,44265,-5699,10199,-0.1417696957635762,-5699,-0.1417696957635762,4066,0.10114679469638549,54000,30000,9735,0.21992544900033886,-14265,-0.3222636394442562,47424,3159,0.07136563876651983,54000,9735,0.21992544900033886,57000,55337,7913,0.1668564439946019,55337,7913,0.1668564439946019,0,57000,1663,0.030052225454939734,47626,55550,50276,58500,58500,58500,62545,60025.72,62545,0,4045,0.06914529914529914,-62545,62447.52,65800,69833.79000000001,65800,72425,71220.09,72425,45907.409999999996,74675,76025,76025,43230.87,76025,67000,,
,66,Vehicle Mtc. - Fire,,,,,,,9652,,9139,10000,,,,13840.11,13136.77,10000,13414,-3136.7700000000004,,,,20000,15000,24264,6586,3414,0.49097957357984195,1586,0.11823468018488147,10850,0.8088564186670643,20000,15000,-4264,-0.17573359709858227,-9264,-0.3818001978239367,24103,-161,-0.006635344543356412,20000,-4264,-0.17573359709858227,30000,61693,37590,1.5595569016305024,61693,37590,1.5595569016305024,0,29000,-32693,-0.5299304621269836,22078,29000,22336,32000,32000,32000,34040,29738.92,34040,0,2040,0.06375,-34040,31135.730000000003,36844,33065.94,36844,44268,40075.05,44268,31376.66,45194,45739.82,45739.82,33436.240000000005,45739.82,42000,,
,67,Park Department,45831,49091,50312,52986,54488,,57485,62025,60121,62255,2134,0.035495084912093945,,58862.73,60435.84,60000,60366,-435.8399999999965,-0.0074043456700019945,,,63050,63050,62734,2684,366,0.04446211443527814,2684,0.04446211443527814,2368,0.039227379650796805,65414,65414,2680,0.042720056109924444,2680,0.042720056109924444,60170,-2564,-0.04087097905442025,66883,4149,0.06613638537316288,74883,65781,5611,0.09325245138773475,65781,5611,0.09325245138773475,0,74078,8297,0.12613064562715678,66136,67524,53590,68414,68414,68414,69355,43360,69355,0,941,0.013754494694068465,-69355,46595,69325,57721.75,70900,71974,51196.42,71974,67363.67,71348,71348,71348,38130.45,71348,72898,,
,68,Cemetery Department,26978,28906,30630,31985,33010,,37022,37048,39159,38134,-1025,-0.026175336448836795,,39293.8,39871.9,39314,41336,-557.9000000000015,-0.014198168667830585,,,41330,41330,42206,-6,2022,-0.00014515192568221406,-6,-0.00014515192568221406,870,0.021047029223921036,42381,42381,175,0.0041463299057006115,175,0.0041463299057006115,44765,2559,0.06063118987821637,43766,1560,0.03696156944510259,43766,45234,469,0.010476935105551212,45234,469,0.010476935105551212,0,46684,1450,0.03205553344829111,45011,46682,45950,47584,47584,47584,48532,46968.29,48532,0,948,0.0199226630800269,-48532,47944.57,48502,48025.8,48730,48910,52904.81,48910,50056.98,48492.29,50927.44,50927.44,49015.4,50927.44,51130.93,,
,69,Tree Removal,7005,6998,7000,7991,9206,,10699,10699,6999,7000,1,0.00014287755393627662,,12838.5,9792.48,7000,10468,-2792.4799999999996,-0.2175082758889278,,,10000,7000,7350,-468,3468,-0.044707680550248374,-3468,-0.33129537638517387,-3118,-0.29786014520443255,14000,12500,6650,0.9047619047619048,5150,0.7006802721088435,11367,4017,0.546530612244898,12500,5150,0.7006802721088435,20000,9288,-2079,-0.1828978622327791,9288,-2079,-0.1828978622327791,0,14500,5212,0.5611541774332472,8532,16500,9205,16500,16500,16500,16590,15299.43,16590,0,90,0.005454545454545455,-16590,14487.4,16683,14620.56,17000,30500,27451.73,30500,28458.6,24641,24745.04,24745.04,17129.309999999998,24745.04,24745.04,,
423,70,Snow Removal Expense,177407,133225,157952,132515,187432,,134944,134944,214648,135000,-79648,-0.37106332227647126,,194764.3,289387.29,135000,233838,-154387.28999999998,-0.792687828313505,,,233838,135000,167765,0,98838,0,-98838,-0.422677238087907,-66073,-0.2825588655393905,235000,135000,67235,0.4007689327332876,-32765,-0.19530295353619648,343633,175868,1.0482997049444163,135000,-32765,-0.19530295353619648,135000,298580,-45053,-0.13110789708788154,298580,-45053,-0.13110789708788154,0,200000,-98580,-0.33016277044678144,316382,292500,321656,259575,250000,250000,250525,307433.37,250525,0,525,0.0021,-250525,350414.58,250500,479060.27,260000,275000,481236,275000,275776.53,275000,275720,275720,451124.05,275720,275720,,
 ,,Total DPW,750690,705301,701959,682772,725368,#REF!,743090,754370,792116,745705,-46411,-0.05859116594034207,,831284.72,951192.8199999998,754633,877663,-196559.82,-2.248592809957211,0,0,1004534,854261,863439,126871,123030,1.6803930258725546,-23402,-0.4694281252568881,-69224,1.403695300631959,1502317,904808,638878,0.739922565462065,41369,0.047911896497610136,1107291,243852,0.28241948765344166,1097424,233985,0.2709919287870944,1051643,1065819,-41472,-0.03745356911597764,1065819,-41472,-0.03745356911597764,0,975924,-89895,-0.08434358929611876,1042608,1099103,1053204,1991592,1106685,1106685,1097783,1099986.3900000001,1101783,584698,-4902,-0.004429444692934304,,1189182.98,1195067,1441089.59,1354912,1467738,1588320.4000000001,1467738,1452092.8800000001,1688444.26,1539171.3800000001,1589171.3800000001,1798557.97,1589171.3800000001,1668378.3699999999,,
,,Facilities and Buildings,,,,,,,,,,,,,,,,,,,,,,,,,,,,,,,,,,,,,,,,,,,,,,,,,,,,,,,,,,,,,,,,,,,,,,,,,,,,,,,,,,,
,71,Facilities and Grounds,,,46000,48000,95740,,119202,102528,97060,58622,-38438,-0.3960230785081393,"$40,000 FAC/GRNDS DIRECTOR TO SCHOOL",58612.57,75022.06,58622,114950,-16400.059999999998,-0.27980448562484117,,,119244,119244,137983,4294,56328,0.037355371900826446,4294,0.037355371900826446,23033,0.20037407568508048,168170,186523,30187,0.2187733271489966,48540,0.3517824659559511,186378,48395,0.3507316118652298,186523,48540,0.3517824659559511,238824,206730,20352,0.10919743746579531,206730,20352,0.10919743746579531,0,204943,-1787,-0.008644125187442559,201522,220770,205148,274432,246015,246015,248383,221318.54,248383,0,2368,0.009625429343739203,-248383,249983.02,341044,332273.94,349134,359919,343839.2,359919,361648.05,369068.08,371941.09,371941.09,395402.77,509663.09,427298.59,,
192,72,Public Buildings,20082,26896,29311,34026,10938,,10888,10888,282,300,18,0.06382978723404255,,0,135300,54300,75438,-81000,#DIV/0!,,,76300,76300,118849,862,21138,0.01142660197778308,862,0.01142660197778308,43411,0.575452689625918,78800,78800,-40049,-0.33697380709976527,-40049,-0.33697380709976527,83273,-35576,-0.29933781521089786,78800,-40049,-0.33697380709976527,83560,99850,16577,0.19906812532273366,99850,16577,0.19906812532273366,0,83560,-16290,-0.16314471707561343,82789,77689,86221,77000,77000,77000,83900,83765.09,83900,0,6900,0.08961038961038961,-83900,88041.17,244119,225685.16,241620,251200,239370.76,251200,235287.02,241910,243553.1,243553.1,236537.3,243553.1,243553.1,,
,72A,"Additional Utilities, Library",,,,,,,,,,,,,,,,,,,,,,,,,,,,,,,,26160,60500,26160,,60500,,10925,10925,,67660,67660,,6500,130500,119575,10.94508009153318,130500,119575,10.94508009153318,0,0,-130500,,0,0,0,0,0,0,0,0,0,0,0,,0,0,0,0,0,14251,0,14251,0,0,0,0,0,0,0,,
,,Total Facilities & Buildings,,,,,,,,,,,,,,,,,,,,,,,,,,,,,,,,,,,,,,,,,,,,,,,,437080,,,,,,,284311,298459,291369,351432,323015,323015,332283,305083.63,332283,0,9268,0.09923581895412882,-332283,338024.19,585163,557959.1,590754,625370,583209.96,625370,596935.07,610978.0800000001,615494.1900000001,615494.1900000001,631940.0700000001,753216.1900000001,670851.6900000001,,
,,Solid Waste/Recycling Program,,,,,,,,,,,,,,,,,,,,,,,,,,,,,,,,,,,,,,,,,,,,,,,,,,,,,,,,,,,,,,,,,,,,,,,,,,,,,,,,,,,
,73,Recycling Program,,0,0,0,0,,225000,365000,355630,345000,-10630,-0.02989061665213846,,345000,345000,256000,256000,-89000,-0.2579710144927536,,,256000,256000,236000,0,0,0,0,0,-20000,-0.078125,236000,0,0,0,-236000,-1,0,-236000,-1,0,-236000,-1,125000,80000,80000,,80000,80000,,0,100000,20000,0.25,160847,125000,178863,127500,127500,127500,148092,189265.45,148092,0,20592,0.16150588235294117,-148092,145090.25,183092,151923.87,193754,147000,148267.27,147000,147420.12,174150,153230,153230,146740.14,153230,156359.88,,
 ,,,,,,,,,,,,,,,,,,,,,,,,,,,,,,,,,,,,,,,,,,,,,,,,,,,,,,,,,,,,,,,,,,,,,,,,,,,,,,,,,,,,,
,,Total Solid Waste/Recycling,,,,,,,,,,,,,,,,,,,,,,,,,,,,,,,,,,,,,,,,,,,,,,,,80000,,,,,,,160847,125000,178863,127500,127500,127500,148092,189265.45,148092,0,20592,0.16150588235294117,-148092,145090.25,183092,151923.87,193754,147000,148267.27,147000,147420.12,174150,153230,153230,146740.14,153230,156359.88,,
 ,,Public Assistance,,,,,,,,,,,,,,,,,,,,,,,,,,,,,,,,,,,,,,,,,,,,,,,,,,,,,,,,,,,,,,,,,,,,,,,,,,,,,,,,,,,
541,74,Council on Aging ,44122,54340,55300,61538,62429,,64219,73666,59712,60591,879,0.014720659163987139,,58367.5,60434.36,77424,76529,16989.64,0.2910804814323039,,,83566,83196,77987,7037,-895,0.09195207045695096,6667,0.08711730193782749,1458,0.019051601353735185,86248,84849,8261,0.10592791106210009,6862,0.08798902381166092,85227,7240,0.09283598548476028,87638,9651,0.12375139446317976,96282,97899,12672,0.14868527579288254,97899,12672,0.14868527579288254,0,96042,-1857,-0.018968528789875278,93205,105076,95610,123920,118460,118460,118460,105391.59,106616,14325,-11844,-0.09998311666385278,-92291,106615.02,99647,94441.85,106812,111210,110872.22,111210,93572.25,113819.12,125381.74,134024.78,111559.35,134024.78,139718.56,,
 ,,Subtotal C.O.A.,44122,54340,55300,61538,62429,#REF!,64219,73666,59712,60591,879,0.014720659163987139,,58367.5,60434.36,77424,76529,16989.64,0.2910804814323039,0,0,83566,83196,77987,7037,-895,0.09195207045695096,6667,0.08711730193782749,1458,0.019051601353735185,86248,84849,8261,0.10592791106210009,6862,0.08798902381166092,85227,7240,0.09283598548476028,87638,9651,0.12375139446317976,96282,97899,12672,0.14868527579288254,97899,12672,0.14868527579288254,0,96042,-1857,-0.018968528789875278,93205,105076,95610,123920,118460,118460,118460,105391.59,106616,14325,-11844,-0.09998311666385278,,106615.02,99647,94441.85,106812,111210,110872.22,111210,93572.25,113819.12,125381.74,134024.78,111559.35,134024.78,139718.56,,
 ,,,,,,,,,,,,,,,,,,,,,,,,,,,,,,,,,,,,,,,,,,,,,,,,,,,,,,,,,,,,,,,,,,,,,,,,,,,,,,,,,,,,,
544,75,Veterans’ Benefits,1741,0,0,0,2000,,0,2000,2000,500,-1500,-0.75,,0,0,500,0,500,#DIV/0!,,,0,500,0,0,-500,#DIV/0!,500,#DIV/0!,0,#DIV/0!,500,500,500,#DIV/0!,500,#DIV/0!,6579,6579,#DIV/0!,500,500,#DIV/0!,500,9140,2561,0.3892688858489132,9140,2561,0.3892688858489132,0,2500,-6640,-0.7264770240700219,0,5000,12204,15000,5000,5000,7500,17830.5,5000,0,0,0,-5000,36800.42,17500,56803.79,17500,50000,81154.6,100000,85368.8,99275,99275,99275,55856.84,99275,99275,,
543,76,Veteran's Administration,3785,4400,4417,4382,4492,,4452,8453,4376,4833,457,0.10443327239488116,,3624,3600,3833,3600,233,0.06429359823399558,,,3600,3833,3600,0,-233,0,233,0.06472222222222222,0,0,3833,3833,233,0.06472222222222222,233,0.06472222222222222,3600,0,0,3833,233,0.06472222222222222,3833,3624,24,0.006666666666666667,3624,24,0.006666666666666667,0,3800,176,0.04856512141280353,3624,3800,3624,3800,3800,3800,4250,3759,4250,0,450,0.11842105263157894,-4250,3659,4250,4035,4250,5250,4000,5250,5000,5250,5250,5250,5000,5250,5250,,
545,77,Registrar of Vets' Graves,510,83,0,0,100,,0,300,78,100,22,0.28205128205128205,,100,0,100,233,100,1,,,233,100,0,0,133,0,-133,-0.5708154506437768,-233,-1,360,360,360,#DIV/0!,360,#DIV/0!,0,0,#DIV/0!,360,360,#DIV/0!,360,0,0,#DIV/0!,0,0,#DIV/0!,0,360,360,#DIV/0!,251,360,0,360,360,360,360,0,360,0,0,0,-360,0,360,140.72,400,500,400,500,297.12,500,500,500,71.94,500,500,,
546,78,Memorial Day,120,120,110,301,359,,359,359,318,360,42,0.1320754716981132,,379.1,522.7,360,279,-162.70000000000005,-0.42917436032709055,,,1200,1200,653,921,-81,3.3010752688172045,921,3.3010752688172045,374,1.3405017921146953,750,750,97,0.14854517611026033,97,0.14854517611026033,549,-104,-0.15926493108728942,750,97,0.14854517611026033,750,462,-87,-0.15846994535519127,462,-87,-0.15846994535519127,0,750,288,0.6233766233766234,444,750,610,750,750,750,750,655.2,750,0,0,0,-750,592.24,750,750,750,750,272.69,750,70,750,750,750,115.97,750,750,,
 ,,,,,,,,,,,,,,,,,,,,,,,,,,,0,,,,,,,,,,,,,,,,,,,,,,,,,,,,,,,,,,,,,,,,,,,,,,,,,,,,,,,,,,
 ,,Subtotal Veterans,6156,4603,4527,4683,6951,#REF!,4811,11112,6772,5793,-979,-0.1445658594211459,,4103.1,4122.7,4793,4112,670.3,#DIV/0!,0,0,5033,5633,4253,921,-681,#DIV/0!,1521,#DIV/0!,141,#DIV/0!,5443,5443,1190,0.2798024923583353,1190,0.2798024923583353,10728,6475,1.5224547378321185,5443,1190,0.2798024923583353,5443,13226,2498,0.23284862043251306,13226,2498,0.23284862043251306,0,7410,-5816,-0.4397399062452745,4319,9910,16438,19910,9910,9910,12860,22244.7,10360,0,450,0.045408678102926335,,41051.659999999996,22860,61729.51,22900,56500,85827.29000000001,106500,90735.92,105775,105775,105775,61044.75,105775,105775,,
 ,,,,,,,,,,,,,,,,,,,,,,,,,,,,,,,,,,,,,,,,,,,,,,,,,,,,,,,,,,,,,,,,,,,,,,,,,,,,,,,,,,,,,
 ,,Total Assistance,50278,58943,59827,66221,69380,#REF!,69030,84778,66484,66384,-100,-0.0015041212923410144,,62470.6,64557.06,82217,80641,17659.94,#DIV/0!,0,0,88599,88829,82240,7958,-1576,#DIV/0!,8188,#DIV/0!,1599,#DIV/0!,91691,90292,9451,0.11491974708171206,8052,0.09790856031128405,95955,13715,0.1667679961089494,93081,10841,0.1318214980544747,101725,111125,15170,0.1580949403366161,111125,15170,0.1580949403366161,0,103452,-7673,-0.06904836895388076,97524,114986,112048,143830,128370,128370,131320,127636.29,116976,14325,-11394,-0.08875905585417153,,147666.68,122507,156171.36000000002,129712,167710,196699.51,217710,184308.16999999998,219594.12,231156.74,239799.78,172604.1,239799.78,245493.56,,
 ,,,,,,,,,,,,,,,,,,,,,,,,,,,,,,,,,,,,,,,,,,,,,,,,,,,,,,,,,,,,,,,,,,,,,,,,,,,,,,,,,,,,,
 ,,Schools    ,,,,,,,,,,,,,,,,,,,,,,,,,,,,,,,,,,,,,,,,,,,,,,,,,,,,,,,,,,,,,,,,,,,,,,,,,,,,,,,,,,,
300,79,School Department,7716502,8270800,8607719,8829270,9169212,,9696480,10356909,9947977,10073107,125130,0.012578436801773868,See attached sheet,10245803.21,10462799.39,10235200,11292260,-227599.3900000006,-0.022213913866495252,"FY04 CHOICE/CHARTER $560,000 - CHOICE REVENUE $300,000",,12386042,11948711,13584897,1093782,1057060,0.09686121290158037,656451,0.05813282726398436,2292637,0.20302729480192627,15159062,14150892,1574165,0.11587610859324145,565995,0.0416635473938448,14181467,596570,0.043914208550863504,15169002,1584105,0.1166078035041414,14824818,14749818,568351,0.040077024471445725,14137477,-43990,-0.003101935787038111,612341,14577320,439843,0.031111845486998847,14445320,14300867,14409507,15513768,14908820,14908820,16626574,14875709.02,15495534,1131040,586714,0.03935348337427107,-14364494,15495126.489999998,16123122,16123122,16754663,17399092,16754156.38,17399092,17398924,18335443,19630163,19630163,18214769,19602049,20190110.47,,
,79A,Unemployment School - Stab/Free Cash,,,,,,,,,,,,,,,,,,,,,,,,,,,,,,,,,,,,,,,,,,,,,,,,,,,,,,,,,76861,0,0,39124,0,39124,0,0,-39124,,0,0,0,0,0,0,0,0,0,0,0,0,0,0,0,,
,79B,Curriculum Update,,,,,,,,,,,,,,,,,,,,,,,,,,,,,,,,,,,,,,,,,,,,,,,,,,,,,,,,,,,,,,,,,,,,,,0,,116000,0,116000,116000,119257,119257,119257,116463.41,119257,17686,,
310,80,Monty Tech Assessment,158501,154156,128491,241704,308811,,313448,386466,383454,325000,-58454,-0.15244070996781883,Enrollment down by six,312615,401764,397000,516748,-4764,-0.011857707509881422,,,584851,584851,584719,68103,119748,0.1317915115297979,68103,0.1317915115297979,67971,0.13153606787060618,650470,639310,65751,0.11244888570407324,54591,0.09336279477834653,638471,53752,0.09192791751251456,639310,54591,0.09336279477834653,706551,563508,-74963,-0.11741018777673536,563508,-74963,-0.11741018777673536,0,641427,77919,0.1382748780851381,637977,636020,633124,664780,628573,628573,681078,628573,681078,0,52505,0.08353047299199934,-681078,680908,708561,757805,710814,801484,710814,799478,799478,899267,930741.35,930741.35,890058,877527,824011,,
,81,Health Insurance-School,,,,,,,,,,1522236,,,,1336428.98,1504357.32,1727400,1631005,223042.67999999993,0.14826442962367473,,,1894510,1894510,0,263505,-96395,0.1615598971186477,263505,0.1615598971186477,-1631005,-1,0,0,0,,0,,0,0,,0,0,,0,0,0,,0,0,,0,0,0,,0,,,,,,,,,,0,#DIV/0!,0,,,,,,,,,,,,,0,,,
,81,Vehicle Mtc - School ,,,,,,,4992,,3229,3000,,,,4266.56,4555.74,3600,8154,-955.7399999999998,-0.20978809150653896,Trans from DPW,,8154,3600,5889,0,4554,0,-4554,-0.5584988962472406,-2265,-0.2777777777777778,4212,3600,-1677,-0.2847682119205298,-2289,-0.3886907794192562,5850,-39,-0.006622516556291391,3600,-2289,-0.3886907794192562,3600,9206,3356,0.5736752136752137,9206,3356,0.5736752136752137,0,3600,-5606,-0.6089506843363024,0,0,0,0,0,0,0,0,0,,0,,0,0,0,0,0,0,0,0,0,0,0,0,0,0,0,,
 ,,Total Schools,7875003,8424956,8736210,9070974,9478023,#REF!,10014920,10743375,10334660,11923343,1588683,0.15372377997921557,,11899113.750000002,12373476.450000001,12363200,13448167,-10276.450000000661,-0.09559528325924091,0,0,14873557,14431672,14175505,1425390,1084967,0.390212621550026,983505,-0.20701466033481064,727338,-0.9432144151052454,15813744,14793802,1638239,0.11556829897770837,618297,0.0436172820650834,14825788,650283,0.04587370961387266,15811912,1636407,0.11543906195934465,15534969,14710191,-115597,-0.007797022323535181,14710191,-115597,-0.007797022323535181,0,15222347,512156,0.034816407210484214,15083297,14936887,15119492,16178548,15537393,15576517,17307652,15543406.02,16176612,1131040,600095,0.03852562161361234,,16176034.489999998,16831683,16880927,17465477,18316576,17464970.380000003,18314570,18314402,19353967,20680161.35,20680161.35,19221290.41,20598833,21031807.47,,
 ,,,,,,,,,,,,,,,,,,,,,,,,,,,,,,,,,,,,,,,,,,,,,,,,,,,,,,,,,,,,,,,,,,,,,,,,,,,,,,,,,,,,,
 , ,Library,,,,,,,,,,,,,,,,,,,,,,,,,,,,,,,,,,,,,,,,,,,,,,,,,,,,,,,,,,,,,,,,,,,,,,,,,,,,,,,,,,,
610,82,Lunenburg Public Library,136774,148584,158612,170785,181849,,197527,203487,192329,188122,-4207,-0.021873976363418934,,189420.75,197437.83,243822,240609,46384.17000000001,0.24487375327148694,,,293859,293859,261414,53250,-3213,0.22131341720384523,53250,0.22131341720384523,20805,0.08646808722865729,316207,283763,54793,0.20960239313885254,22349,0.08549274331137582,290800,29386,0.11241173005271332,332211,70797,0.2708232917900342,368099,308624,17824,0.061292984869325995,308624,17824,0.061292984869325995,0,330201,21577,0.06991355176525481,301808,329791,327452,391550,346956,346956,347912,340232.33,338540,35600,-8416,-0.024256678080217666,-302940,328549.95999999996,355563,355084.86,353205,363849,350866.89,363849,383408.31,371773.12,378322.02,381709.86000000004,363937.86000000004,381709.86000000004,400453.76,,
 ,,Total Library,136774,148584,158612,170785,181849,#REF!,197527,203487,192329,188122,-4207,-0.021873976363418934,,189420.75,197437.83,243822,240609,46384.17000000001,0.24487375327148694,0,0,293859,293859,261414,53250,-3213,0.22131341720384523,53250,0.22131341720384523,20805,0.08646808722865729,316207,283763,54793,0.20960239313885254,22349,0.08549274331137582,290800,29386,0.11241173005271332,332211,70797,0.2708232917900342,368099,308624,17824,0.061292984869325995,308624,17824,0.061292984869325995,0,330201,21577,0.06991355176525481,301808,329791,327452,391550,346956,346956,347912,340232.33,338540,35600,-8416,-0.024256678080217666,,328549.95999999996,355563,355084.86,353205,363849,350866.89,363849,383408.31,371773.12,378322.02,381709.86000000004,363937.86000000004,381709.86000000004,400453.76,,
 ,,,,,,,,,,,,,,,,,,,,,,,,,,,,,,,,,,,,,,,,,,,,,,,,,,,,,,,,,,,,,,,,,,,,,,,,,,,,,,,,,,,,,
 ,,,,,,,,,,,,,,,,,,,,,,,,,,,,0,,,,,,,,,,,,,,,,,,,,,,,,,,,,,,,,,,,,,,,,,,,,,,,,,,,,,,,,,
,,Total Omnibus  ,#REF!,#REF!,#REF!,#REF!,#REF!,#REF!,#REF!,#REF!,#REF!,#REF!,#REF!,#REF!,,#REF!,#REF!,#REF!,#REF!,#REF!,#REF!,#REF!,#REF!,#REF!,#REF!,#REF!,#REF!,#REF!,#REF!,#REF!,#REF!,#REF!,#REF!,#REF!,#REF!,#REF!,#REF!,#REF!,#REF!,#REF!,#REF!,#REF!,#REF!,#REF!,#REF!,#REF!,#REF!,#REF!,#REF!,24895376,#REF!,#REF!,#REF!,#REF!,#REF!,#REF!,25314664,#REF!,25703840,#REF!,#REF!,#REF!,#REF!,26441412.82,27480069,#REF!,#REF!,#REF!,,27493670.570000004,28177263,28273776.34,29079384,32025895,29172530.490000002,32113005,32024888.859999996,34068191.04,35526697.87000001,36461335.75000001,33713603.080000006,35855365.7,36804408.83,,
,,,,,,,,,,,,,,,,,,,,,,,,,,,,,,,,,,,,,,,,,,,,,,,,,,,,,,,,,,,,,,,,,,#REF!,,,,,,,,,,,,,,,,,,,
