===PAGE 1===
SCH DOE 
CODE                  ACCOUNT DESCRIPTION
ORIGINAL 
APPROP  TRANS/ADJ 
REVISED 
BUDGET YTD EXPENDED ENC/REQ
 AVAILABLE 
BUDGET % USED  
0300 0300 SCHOOL DEPARTMENT - SALARY RESERVE 347,338.00             (347,338.00)                  -                          -                          -                 -                   -           
1110 1110 SCHOOL COMMITTEE 7,321.00                 (350.00)                         6,971.00                 6,111.00                 -                 860.00              87.70       
1210 1210 SUPERINTENDENT 322,463.00             77,535.00                     399,998.00             398,738.89             1,070.23        188.88              100.00     
1230 1230 DISTRICT WIDE ADMINISTRAT -                          25,357.00                     25,357.00               25,295.76               -                 61.24                99.80       
1410 1410 BUSINESS & FINANCE 175,323.00             9,147.43                       184,470.43             182,220.50             217.64           2,032.29           98.90       
1420 1420 HUMAN RESOURCES & BENEFIT 77,500.00               2,099.00                       79,599.00               79,597.94               -                 1.06                  100.00     
1430 1430 LEGAL SERVICES 28,000.00               975.00                          28,975.00               26,461.25               411.25           2,102.50           92.70       
1450 1450 ADMINISTRATIVE TECHNOLOGY 326,834.00             (22,810.53)                    304,023.47             273,903.78             -                 30,119.69         90.10       
2000 2000 INSTRUCTIONAL SERVICES 1,000.00                 500.00                          1,500.00                 1,500.00                 -                 -                   100.00     
2110 2110 CURRICULUM DIRECTOR 426,724.00             10,792.04                     437,516.04             403,617.09             -                 33,898.95         92.30       
2210 2210 PRINCIPAL'S OFFICE 1,176,549.00          (5,061.77)                      1,171,487.23          1,179,096.50          -                 (7,609.27)         100.60     
2305 2305 TEACHERS/CLASSROOM 7,693,335.00          159,313.38                   7,852,648.38          7,851,942.11          -                 706.27              100.00     
2310 2310 TEACHERS/SPECIALISTS 2,171,530.00          (73,111.54)                    2,098,418.46          2,080,972.47          658.27           16,787.72         99.20       
2315 2315 DEPARTMENT HEADS/COORDINA 24,965.00               449.00                          25,414.00               25,414.00               -                 -                   100.00     
2320 2320 THERAPEUTIC SERVICES 690,201.00             (55,592.30)                    634,608.70             629,522.95             -                 5,085.75           99.20       
2325 2325 SUBSTITUTES 145,500.00             58,244.86                     203,744.86             202,045.20             -                 1,699.66           99.20       
2330 2330 PARAPROFESSIONALS 1,498,126.00          31,644.96                     1,529,770.96          1,338,476.70          -                 191,294.26       87.50       *
2340 2340 LIBRARIANS 193,500.00             4,742.15                       198,242.15             198,242.00             -                 0.15                  100.00     
2357 2357 PROF DEV STIPENDS/EXPENSE 35,000.00               -                                35,000.00               32,924.95               -                 2,075.05           94.10       
2410 2410 INSTRUCTIONAL TEXTBOOKS 28,817.00               (3,931.14)                      24,885.86               20,814.68               -                 4,071.18           83.60       
2415 2415 OTHER INSTRUCTIONAL MATER 145,773.00             (25,984.40)                    119,788.60             80,440.16               -                 39,348.44         67.20       
2420 2420 INSTRUCTIONAL EQUIPMENT 53,228.00               (3,925.95)                      49,302.05               46,135.07               4.06               3,162.92           93.60       
2430 2430 GENERAL SCHOOL SUPPLIES 57,237.00               (14,551.90)                    42,685.10               40,315.56               -                 2,369.54           94.40       
2440 2440 OTHER INSTRUCTIONAL SERVI 8,500.00                 (2,000.00)                      6,500.00                 5,205.00                 -                 1,295.00           80.10       
2451 2451 CLASSROOM INSTRCTNAL TECH 74,085.00               (13,193.83)                    60,891.17               60,891.17               -                 -                   100.00     
2710 2710 GUIDANCE 789,708.00             (18,678.67)                    771,029.33             763,418.22             -                 7,611.11           99.00       
2800 2800 PSYCHOLOGICAL SERVICES 270,675.00             11,777.01                     282,452.01             280,105.02             -                 2,346.99           99.20       
3200 3200 MEDICAL/HEALTH SERVICES 285,010.00             1,176.13                       286,186.13             281,334.99             -                 4,851.14           98.30       
3300 3300 TRANSPORTATION SERVICES 1,352,528.00          -                                1,352,528.00          1,342,121.91          1.26               10,404.83         99.20       
3510 3510 ATHLETICS 260,280.00             205,246.29                   465,526.29             541,945.42             -                 (76,419.13)       116.40     *
3520 3520 OTHER STUDENT ACTIVITIES -                          -                                -                          14,039.00               -                 (14,039.00)       100.00     
4110 4110 CUSTODIAL SERVICES 959,604.00             (96,675.48)                    862,928.52             719,621.37             -                 143,307.15       83.40       
4120 4120 HEATING OF BUILDINGS 124,000.00             5,607.99                       129,607.99             82,521.58               22,024.22      25,062.19         80.70       *
4130 4130 UTILITY SERVICES 334,250.00             40,591.80                     374,841.80             409,059.42             6,505.29        (40,722.91)       110.90     
4210 4210 MAINTENANCE OF GROUNDS 47,595.00               -                                47,595.00               36,558.18               -                 11,036.82         76.80       
4220 4220 MAINTENANCE OF BUILDINGS 315,643.00             161,397.59                   477,040.59             357,519.22             39,314.23      80,207.14         83.20       
4230 4230 MAINTENANCE OF EQUIPMENT 59,413.00               (16,226.45)                    43,186.55               34,369.70               -                 8,816.85           79.60       
4400 4400 NETWORKING & TELECOMMUNIC 24,032.00               12,332.80                     36,364.80               28,021.30               399.20           7,944.30           78.20       
5200 5200 INSURANCE PROGRAMS 3,160,838.00          114,906.44                   3,275,744.44          3,270,115.24          -                 5,629.20           99.80       
7300 7300 ACQUISITN & IMPRVMNT EQUI 108,687.00             1,934.00                       110,621.00             54,236.88               -                 56,384.12         49.00       
7400 7400 REPLACEMENT OF EQUIPMENT 338,138.00             111,961.28                   450,099.28             418,481.24             2,223.97        29,394.07         93.50       
9300 9300 PRIVATE TUITIONS 703,872.00             -                                703,872.00             703,341.26             -                 530.74              99.90       
9400 9400 COLLABORATIVE TUITIONS 460,952.00             (402,580.00)                  58,372.00               28,957.00               -                 29,415.00         49.60       
Revenue Total -                          -                                -                          -                          -                 -                   -           
LUNENBURG PUBLIC SCHOOLS FY25 BUDGET REPORT AS OF 9/15/25
===PAGE 2===
Expense Total 25,304,074.00        (54,280.81)                    25,249,793.19        24,555,651.68        72,829.62      621,311.89       97.50       
Grand Total 25,304,074.00        (54,280.81)                    25,249,793.19        24,555,651.68        72,829.62      621,311.89       97.50       