fy,level,func_cat_code,func_code,func_desc,districts,gen_fund_total,grants_revolving_total,total,grant_share,per_pupil_basis,per_pupil_min,per_pupil_p25,per_pupil_median,per_pupil_p75,per_pupil_max,lunenburg_per_pupil,lunenburg_rank_of_districts,doc_id
2009,category,ADMN,ADMN,Administration,328,387837193,18155404,405992597,0.0447,"per pupil, in-district FTE",175,355.8,448.5,592.2,2095,333,270 of 328,sources/state-dese/district-expenditures-by-function.xlsx
2009,category,BENE,BENE,"Insurance, Retirement Programs and Other",328,1828183590,228924257,2057107844,0.1113,"per pupil, in-district FTE",568,1522.8,1975.5,2450.5,5743,1693,216 of 328,sources/state-dese/district-expenditures-by-function.xlsx
2009,category,GUID,GUID,"Guidance, Counseling and Testing",326,307288891,20999994,328288885,0.0640,"per pupil, in-district FTE",8,277.0,344.0,441.0,1069,317,190 of 326,sources/state-dese/district-expenditures-by-function.xlsx
2009,category,LDRS,LDRS,Instructional Leadership,328,681596251,85688741,767284992,0.1117,"per pupil, in-district FTE",62,638.0,773.5,969.5,2064,765,172 of 328,sources/state-dese/district-expenditures-by-function.xlsx
2009,category,MATL,MATL,"Instructional Materials, Equipment and Technology",328,210009644,122108915,332118560,0.3677,"per pupil, in-district FTE",99,230.5,312.0,452.2,2385,127,322 of 328,sources/state-dese/district-expenditures-by-function.xlsx
2009,category,ODTR,ODTR,Out-of-district Transportation,278,99506816,0,99506816,0.0000,not published — DESE prints 0 per pupil against out-of-district rows,,,,,,,,sources/state-dese/district-expenditures-by-function.xlsx
2009,category,OPMN,OPMN,Operations and Maintenance,328,989779291,31777028,1021556317,0.0311,"per pupil, in-district FTE",500,903.0,1073.5,1317.5,4140,872,257 of 328,sources/state-dese/district-expenditures-by-function.xlsx
2009,category,PDEV,PDEV,Professional Development,328,120351272,87890584,208241854,0.4221,"per pupil, in-district FTE",6,82.8,142.0,212.5,959,85,244 of 328,sources/state-dese/district-expenditures-by-function.xlsx
2009,category,SERV,SERV,Pupil Services,328,642809249,444682090,1087491352,0.4089,"per pupil, in-district FTE",483,917.5,1085.0,1354.0,4109,1022,197 of 328,sources/state-dese/district-expenditures-by-function.xlsx
2009,category,TCHR,TCHR,Teachers,328,4097884820,457986730,4555871551,0.1005,"per pupil, in-district FTE",3417,4238.5,4706.0,5490.2,10351,4189,258 of 328,sources/state-dese/district-expenditures-by-function.xlsx
2009,category,TSER,TSER,Other Teaching Services,328,718221639,153586552,871808191,0.1762,"per pupil, in-district FTE",155,702.8,873.0,1141.5,2635,955,126 of 328,sources/state-dese/district-expenditures-by-function.xlsx
2009,detail,ADMN,1110,School Committee,325,17751098,492088,18243186,0.0270,"per pupil, in-district FTE",0,6.0,11.0,29.0,300,7,215 of 325,sources/state-dese/district-expenditures-by-function.xlsx
2009,detail,ADMN,1210,Superintendent,328,71053822,855253,71909075,0.0119,"per pupil, in-district FTE",15,66.0,106.5,168.2,770,102,173 of 328,sources/state-dese/district-expenditures-by-function.xlsx
2009,detail,ADMN,1220,Assistant Superintendents,151,23049393,596131,23645524,0.0252,"per pupil, in-district FTE",0,26.0,40.0,53.0,260,,,sources/state-dese/district-expenditures-by-function.xlsx
2009,detail,ADMN,1230,Other District-Wide Administration,160,20949724,5308295,26258020,0.2022,"per pupil, in-district FTE",0,12.8,32.0,55.2,568,,,sources/state-dese/district-expenditures-by-function.xlsx
2009,detail,ADMN,1410,Business and Finance,325,143779363,4094734,147874096,0.0277,"per pupil, in-district FTE",6,114.0,160.0,216.0,1802,136,201 of 325,sources/state-dese/district-expenditures-by-function.xlsx
2009,detail,ADMN,1420,Human Resources and Benefits,219,30885329,2030211,32915538,0.0617,"per pupil, in-district FTE",0,18.0,31.0,56.0,414,33,103 of 219,sources/state-dese/district-expenditures-by-function.xlsx
2009,detail,ADMN,1430,Legal Service for School Committee,308,15967686,467600,16435285,0.0285,"per pupil, in-district FTE",0,8.0,16.5,28.0,108,9,221 of 308,sources/state-dese/district-expenditures-by-function.xlsx
2009,detail,ADMN,1435,Legal Settlements,48,2769688,149570,2919258,0.0512,"per pupil, in-district FTE",0,3.0,7.0,16.0,91,,,sources/state-dese/district-expenditures-by-function.xlsx
2009,detail,ADMN,1450,District-wide Information Mgmt & Tech,283,61631095,4161524,65792620,0.0633,"per pupil, in-district FTE",0,32.0,63.0,106.0,436,45,184 of 283,sources/state-dese/district-expenditures-by-function.xlsx
2009,detail,BENE,5100,Employer Retirement Contributions,324,366102122,29197340,395299461,0.0739,"per pupil, in-district FTE",0,216.0,305.5,424.0,1788,110,308 of 324,sources/state-dese/district-expenditures-by-function.xlsx
2009,detail,BENE,5200,Insurance for Active Employees,328,1040835209,186596023,1227431233,0.1520,"per pupil, in-district FTE",318,963.8,1269.0,1580.5,3629,1078,211 of 328,sources/state-dese/district-expenditures-by-function.xlsx
2009,detail,BENE,5250,Insurance for Retired School Employees,275,336692499,7569525,344262024,0.0220,"per pupil, in-district FTE",12,196.0,363.0,538.0,1915,440,103 of 275,sources/state-dese/district-expenditures-by-function.xlsx
2009,detail,BENE,5260,Other Non-Employee Insurance,302,45186078,351281,45537359,0.0077,"per pupil, in-district FTE",0,32.2,56.0,109.0,671,66,126 of 302,sources/state-dese/district-expenditures-by-function.xlsx
2009,detail,BENE,5300,Rental Lease of Equipment,104,3991321,760739,4752060,0.1601,"per pupil, in-district FTE",0,3.0,13.0,30.0,688,,,sources/state-dese/district-expenditures-by-function.xlsx
2009,detail,BENE,5350,Rental Lease of Buildings,76,4077424,2321574,6398997,0.3628,"per pupil, in-district FTE",0,6.0,12.0,27.2,384,,,sources/state-dese/district-expenditures-by-function.xlsx
2009,detail,BENE,5400,Short Term Interest RANs,23,536966,0,536966,0.0000,"per pupil, in-district FTE",0,0.0,2.0,8.5,37,,,sources/state-dese/district-expenditures-by-function.xlsx
2009,detail,BENE,5500,Other Fixed Charges,98,20141987,2073156,22215144,0.0933,"per pupil, in-district FTE",0,3.0,13.0,33.5,315,,,sources/state-dese/district-expenditures-by-function.xlsx
2009,detail,BENE,5550,School Crossing Guards,108,10619994,54615,10674609,0.0051,"per pupil, in-district FTE",0,6.0,12.0,24.0,92,,,sources/state-dese/district-expenditures-by-function.xlsx
2009,detail,GUID,2710,Guidance incl Adjustment Counselors,309,214356971,9983167,224340138,0.0445,"per pupil, in-district FTE",1,185.0,249.0,340.0,915,273,127 of 309,sources/state-dese/district-expenditures-by-function.xlsx
2009,detail,GUID,2720,Testing and Assessment,236,9167037,2847441,12014478,0.2370,"per pupil, in-district FTE",0,2.0,6.0,18.2,209,,,sources/state-dese/district-expenditures-by-function.xlsx
2009,detail,GUID,2800,Psychological Services,312,83764876,8169386,91934262,0.0889,"per pupil, in-district FTE",1,59.0,83.0,130.2,575,44,265 of 312,sources/state-dese/district-expenditures-by-function.xlsx
2009,detail,LDRS,2110,Curriculum Directors  (Supervisory),317,118466030,39456235,157922265,0.2498,"per pupil, in-district FTE",1,96.0,157.0,227.0,1164,281,57 of 317,sources/state-dese/district-expenditures-by-function.xlsx
2009,detail,LDRS,2120,Department Heads  (Non-Supervisory),138,14022724,5554516,19577240,0.2837,"per pupil, in-district FTE",0,9.0,28.0,62.0,295,13,91 of 138,sources/state-dese/district-expenditures-by-function.xlsx
2009,detail,LDRS,2210,School Leadership,327,438786317,12245408,451031725,0.0271,"per pupil, in-district FTE",76,404.0,464.0,547.0,1754,444,194 of 327,sources/state-dese/district-expenditures-by-function.xlsx
2009,detail,LDRS,2220,Curriculum/Dept Leaders (School Level),183,59466413,7923873,67390286,0.1176,"per pupil, in-district FTE",0,14.0,39.0,97.0,746,9,148 of 183,sources/state-dese/district-expenditures-by-function.xlsx
2009,detail,LDRS,2250,Admin. Technology (School Level),239,26948393,2813898,29762291,0.0945,"per pupil, in-district FTE",0,10.0,43.0,103.0,725,,,sources/state-dese/district-expenditures-by-function.xlsx
2009,detail,LDRS,2315,Instructional Coordinators (Non-Supervisory),195,23906385,17694811,41601196,0.4253,"per pupil, in-district FTE",0,16.0,41.0,87.0,678,18,136 of 195,sources/state-dese/district-expenditures-by-function.xlsx
2009,detail,MATL,2410,"Textbooks, Related Software/Media/Matls",327,49706174,17626704,67332878,0.2618,"per pupil, in-district FTE",0,34.5,60.0,96.0,949,11,311 of 327,sources/state-dese/district-expenditures-by-function.xlsx
2009,detail,MATL,2415,Other Instructional Matls (Libraries),313,28051692,17785745,45837437,0.3880,"per pupil, in-district FTE",0,11.0,27.0,77.0,871,39,122 of 313,sources/state-dese/district-expenditures-by-function.xlsx
2009,detail,MATL,2420,Instructional Equipment,276,21258695,6468377,27727072,0.2333,"per pupil, in-district FTE",0,8.0,24.0,51.2,779,22,146 of 276,sources/state-dese/district-expenditures-by-function.xlsx
2009,detail,MATL,2430,General Classroom Supplies,315,49418262,18027978,67446246,0.2673,"per pupil, in-district FTE",0,39.0,75.0,110.0,1147,32,250 of 315,sources/state-dese/district-expenditures-by-function.xlsx
2009,detail,MATL,2440,Other Instructional Services,296,26406797,52258375,78665172,0.6643,"per pupil, in-district FTE",0,10.0,38.5,98.0,921,2,267 of 296,sources/state-dese/district-expenditures-by-function.xlsx
2009,detail,MATL,2451,Classroom Instructional Technology,286,24366965,6457244,30824209,0.2095,"per pupil, in-district FTE",0,9.2,26.5,59.8,510,18,170 of 286,sources/state-dese/district-expenditures-by-function.xlsx
2009,detail,MATL,2453,Other Instructional Hardware (Libraries),157,4969583,2448270,7417853,0.3301,"per pupil, in-district FTE",0,2.0,6.0,23.0,271,,,sources/state-dese/district-expenditures-by-function.xlsx
2009,detail,MATL,2455,Instructional Software,202,5831476,1036222,6867698,0.1509,"per pupil, in-district FTE",0,3.0,8.0,19.8,326,2,153 of 202,sources/state-dese/district-expenditures-by-function.xlsx
2009,detail,OPMN,4110,Custodial Services,327,325387127,9696160,335083285,0.0289,"per pupil, in-district FTE",8,305.5,362.0,448.0,1533,382,135 of 327,sources/state-dese/district-expenditures-by-function.xlsx
2009,detail,OPMN,4120,Heating of Buildings,319,137443282,2618591,140061870,0.0187,"per pupil, in-district FTE",0,125.0,168.0,236.0,1729,121,248 of 319,sources/state-dese/district-expenditures-by-function.xlsx
2009,detail,OPMN,4130,Utility Services,328,221419219,7244763,228663985,0.0317,"per pupil, in-district FTE",15,176.0,219.5,297.2,905,171,258 of 328,sources/state-dese/district-expenditures-by-function.xlsx
2009,detail,OPMN,4210,Maintenance of Grounds,301,41187335,703950,41891283,0.0168,"per pupil, in-district FTE",0,20.0,44.0,82.0,940,44,149 of 301,sources/state-dese/district-expenditures-by-function.xlsx
2009,detail,OPMN,4220,Maintenance of Buildings,324,191981759,7044241,199025996,0.0354,"per pupil, in-district FTE",5,91.8,152.5,246.2,1341,72,283 of 324,sources/state-dese/district-expenditures-by-function.xlsx
2009,detail,OPMN,4225,Building Security System,122,2279995,155156,2435151,0.0637,"per pupil, in-district FTE",0,2.0,5.0,10.8,114,9,38 of 122,sources/state-dese/district-expenditures-by-function.xlsx
2009,detail,OPMN,4230,Maintenance of Equipment,286,21194331,1286537,22480869,0.0572,"per pupil, in-district FTE",0,14.0,29.5,51.8,634,18,189 of 286,sources/state-dese/district-expenditures-by-function.xlsx
2009,detail,OPMN,4300,Extraordinary Maintenance,126,22952752,1327793,24280546,0.0547,"per pupil, in-district FTE",1,18.0,50.0,105.0,772,55,59 of 126,sources/state-dese/district-expenditures-by-function.xlsx
2009,detail,OPMN,4400,Networking and Telecommunications,167,13191905,679662,13871568,0.0490,"per pupil, in-district FTE",-1,8.0,21.0,47.0,295,,,sources/state-dese/district-expenditures-by-function.xlsx
2009,detail,OPMN,4450,Technology Maintenance,149,12741590,1020182,13761772,0.0741,"per pupil, in-district FTE",0,5.0,18.0,44.0,358,,,sources/state-dese/district-expenditures-by-function.xlsx
2009,detail,PDEV,2351,Professional Development Leadership,163,12567851,10896156,23464007,0.4644,"per pupil, in-district FTE",0,5.5,17.0,38.0,314,,,sources/state-dese/district-expenditures-by-function.xlsx
2009,detail,PDEV,2353,Instructional Staff-Professional Days,227,57131846,1849125,58980971,0.0314,"per pupil, in-district FTE",0,42.0,78.0,111.5,371,,,sources/state-dese/district-expenditures-by-function.xlsx
2009,detail,PDEV,2355,Substitutes for Prof. Development,194,3473699,868386,4342085,0.2000,"per pupil, in-district FTE",0,3.0,6.0,10.0,112,3,132 of 194,sources/state-dese/district-expenditures-by-function.xlsx
2009,detail,PDEV,2357,"Prof. Dev. Stipends, Providers, Expenses",319,47177886,74276917,121454803,0.6116,"per pupil, in-district FTE",0,41.0,69.0,114.0,791,82,121 of 319,sources/state-dese/district-expenditures-by-function.xlsx
2009,detail,SERV,3100,Attendance and Parent Liaison Services,137,13708779,1846417,15555196,0.1187,"per pupil, in-district FTE",0,2.0,8.0,35.0,336,,,sources/state-dese/district-expenditures-by-function.xlsx
2009,detail,SERV,3200,Medical/Health Services,326,114956941,7791769,122748711,0.0635,"per pupil, in-district FTE",27,100.2,124.0,163.8,991,105,223 of 326,sources/state-dese/district-expenditures-by-function.xlsx
2009,detail,SERV,3300,Transportation Services,327,358017040,73271437,431288477,0.1699,"per pupil, in-district FTE",0,311.0,429.0,594.0,2295,345,217 of 327,sources/state-dese/district-expenditures-by-function.xlsx
2009,detail,SERV,3400,Food Services,322,19247060,298886731,318133797,0.9395,"per pupil, in-district FTE",4,258.0,315.0,384.8,830,344,118 of 322,sources/state-dese/district-expenditures-by-function.xlsx
2009,detail,SERV,3510,Athletics,274,89452355,28606989,118059339,0.2423,"per pupil, in-district FTE",0,101.0,150.5,204.2,979,142,149 of 274,sources/state-dese/district-expenditures-by-function.xlsx
2009,detail,SERV,3520,Other Student Activities,288,21489593,33421217,54910810,0.6086,"per pupil, in-district FTE",1,25.0,44.0,99.2,702,86,86 of 288,sources/state-dese/district-expenditures-by-function.xlsx
2009,detail,SERV,3600,School Security,154,25937500,857531,26795031,0.0320,"per pupil, in-district FTE",0,9.0,20.5,45.5,354,,,sources/state-dese/district-expenditures-by-function.xlsx
2009,detail,TCHR,2305,"Teachers, Classroom",328,3731003077,364839101,4095842177,0.0891,"per pupil, in-district FTE",2514,3762.8,4203.0,4945.8,9652,3549,277 of 328,sources/state-dese/district-expenditures-by-function.xlsx
2009,detail,TCHR,2310,"Teachers, Specialists",292,366881751,93147628,460029378,0.2025,"per pupil, in-district FTE",3,188.0,518.5,828.2,2666,640,109 of 292,sources/state-dese/district-expenditures-by-function.xlsx
2009,detail,TSER,2320,Medical/ Therapeutic Services,289,175511307,22244004,197755311,0.1125,"per pupil, in-district FTE",1,122.0,210.0,297.0,1187,185,165 of 289,sources/state-dese/district-expenditures-by-function.xlsx
2009,detail,TSER,2325,"Substitutes, Short-Term",324,92134864,4730442,96865306,0.0488,"per pupil, in-district FTE",2,66.0,90.5,119.2,512,110,104 of 324,sources/state-dese/district-expenditures-by-function.xlsx
2009,detail,TSER,2330,Paraprofessionals,328,378591908,124532903,503124811,0.2475,"per pupil, in-district FTE",23,374.5,508.0,672.8,1693,614,111 of 328,sources/state-dese/district-expenditures-by-function.xlsx
2009,detail,TSER,2340,Librarians/Media Center Directors,318,71983563,2079203,74062766,0.0281,"per pupil, in-district FTE",6,61.0,88.0,123.0,589,46,268 of 318,sources/state-dese/district-expenditures-by-function.xlsx
2009,detail,TUIT,9100,Tuition to Mass. Schools,241,70104522,19564744,89669264,0.2182,not published — DESE prints 0 per pupil against out-of-district rows,,,,,,,,sources/state-dese/district-expenditures-by-function.xlsx
2009,detail,TUIT,9110,Tuition for School Choice,260,65214422,0,65214422,0.0000,not published — DESE prints 0 per pupil against out-of-district rows,,,,,,,,sources/state-dese/district-expenditures-by-function.xlsx
2009,detail,TUIT,9120,Tuition to Commonwealth Charter Schools,248,259721048,0,259721048,0.0000,not published — DESE prints 0 per pupil against out-of-district rows,,,,,,,,sources/state-dese/district-expenditures-by-function.xlsx
2009,detail,TUIT,9125,Tuition to Horace Mann Charter Schools,6,17793080,1336954,19130034,0.0699,not published — DESE prints 0 per pupil against out-of-district rows,,,,,,,,sources/state-dese/district-expenditures-by-function.xlsx
2009,detail,TUIT,9200,Tuition to Out-of-State Schools,90,15936236,5641358,21577595,0.2614,not published — DESE prints 0 per pupil against out-of-district rows,,,,,,,,sources/state-dese/district-expenditures-by-function.xlsx
2009,detail,TUIT,9300,Tuition to Non-Public Schools,271,256711541,203656075,460367618,0.4424,not published — DESE prints 0 per pupil against out-of-district rows,,,,,,,,sources/state-dese/district-expenditures-by-function.xlsx
2009,detail,TUIT,9400,Tuition to Collaboratives,250,121607098,38615084,160222180,0.2410,not published — DESE prints 0 per pupil against out-of-district rows,,,,,,,,sources/state-dese/district-expenditures-by-function.xlsx
2009,rollup,IIII,IIII,In-district Expenditure,328,9983961852,1651800302,11635762150,0.1420,"per pupil, in-district FTE",7995,10488.2,11682.0,14230.5,29623,10359,259 of 328,sources/state-dese/district-expenditures-by-function.xlsx
2009,rollup,OODD,OODD,Out-of-district Expenditure,314,906594756,268814216,1175408976,0.2287,not published — DESE prints 0 per pupil against out-of-district rows,,,,,,,,sources/state-dese/district-expenditures-by-function.xlsx
2009,total,TTPP,TTPP,"Expenditure (Admin, Instruction, Operations)",328,10890556604,1920614508,12811171119,0.1499,"per pupil, in-district FTE",8532,11156.0,12242.0,14324.8,28727,10605,279 of 328,sources/state-dese/district-expenditures-by-function.xlsx
2010,category,ADMN,ADMN,Administration,328,397398527,16316871,413715397,0.0394,"per pupil, in-district FTE",175,358.0,462.5,617.5,2976,363,239 of 328,sources/state-dese/district-expenditures-by-function.xlsx
2010,category,BENE,BENE,"Insurance, Retirement Programs and Other",328,1944873937,95570020,2040443960,0.0468,"per pupil, in-district FTE",606,1565.5,2026.5,2512.5,10104,1839,208 of 328,sources/state-dese/district-expenditures-by-function.xlsx
2010,category,GUID,GUID,"Guidance, Counseling and Testing",326,314123276,23189016,337312292,0.0687,"per pupil, in-district FTE",51,280.2,351.0,458.5,1152,305,219 of 326,sources/state-dese/district-expenditures-by-function.xlsx
2010,category,LDRS,LDRS,Instructional Leadership,328,673264613,89121648,762386261,0.1169,"per pupil, in-district FTE",127,639.5,786.0,971.8,2223,729,186 of 328,sources/state-dese/district-expenditures-by-function.xlsx
2010,category,MATL,MATL,"Instructional Materials, Equipment and Technology",328,215411392,149830649,365242035,0.4102,"per pupil, in-district FTE",64,243.5,325.0,480.8,2206,111,320 of 328,sources/state-dese/district-expenditures-by-function.xlsx
2010,category,ODTR,ODTR,Out-of-district Transportation,281,109030716,0,109030716,0.0000,not published — DESE prints 0 per pupil against out-of-district rows,,,,,,,,sources/state-dese/district-expenditures-by-function.xlsx
2010,category,OPMN,OPMN,Operations and Maintenance,328,940683411,30819357,971502766,0.0317,"per pupil, in-district FTE",490,863.5,1026.0,1261.2,3855,846,258 of 328,sources/state-dese/district-expenditures-by-function.xlsx
2010,category,PDEV,PDEV,Professional Development,328,106216882,103732588,209949471,0.4941,"per pupil, in-district FTE",8,89.0,133.0,217.0,848,92,238 of 328,sources/state-dese/district-expenditures-by-function.xlsx
2010,category,SERV,SERV,Pupil Services,328,676652445,401676358,1078328797,0.3725,"per pupil, in-district FTE",423,912.5,1092.0,1374.0,3829,996,212 of 328,sources/state-dese/district-expenditures-by-function.xlsx
2010,category,TCHR,TCHR,Teachers,328,4166381328,433047003,4599428327,0.0942,"per pupil, in-district FTE",3209,4350.5,4783.0,5603.5,11754,4349,247 of 328,sources/state-dese/district-expenditures-by-function.xlsx
2010,category,TSER,TSER,Other Teaching Services,328,725115686,164087073,889202759,0.1845,"per pupil, in-district FTE",220,704.0,886.0,1189.2,3336,936,149 of 328,sources/state-dese/district-expenditures-by-function.xlsx
2010,detail,ADMN,1110,School Committee,324,22789532,247133,23036663,0.0107,"per pupil, in-district FTE",0,5.0,12.0,28.0,282,5,240 of 324,sources/state-dese/district-expenditures-by-function.xlsx
2010,detail,ADMN,1210,Superintendent,328,70191246,1066936,71258182,0.0150,"per pupil, in-district FTE",9,65.8,104.0,180.2,870,103,167 of 328,sources/state-dese/district-expenditures-by-function.xlsx
2010,detail,ADMN,1220,Assistant Superintendents,147,21755639,933372,22689010,0.0411,"per pupil, in-district FTE",0,22.5,39.0,52.0,256,,,sources/state-dese/district-expenditures-by-function.xlsx
2010,detail,ADMN,1230,Other District-Wide Administration,153,26099074,5208761,31307835,0.1664,"per pupil, in-district FTE",0,13.0,32.0,58.0,522,,,sources/state-dese/district-expenditures-by-function.xlsx
2010,detail,ADMN,1410,Business and Finance,326,138551078,4867016,143418095,0.0339,"per pupil, in-district FTE",4,112.0,161.5,230.8,2702,149,182 of 326,sources/state-dese/district-expenditures-by-function.xlsx
2010,detail,ADMN,1420,Human Resources and Benefits,216,29284920,841159,30126079,0.0279,"per pupil, in-district FTE",0,17.0,30.0,48.8,584,35,88 of 216,sources/state-dese/district-expenditures-by-function.xlsx
2010,detail,ADMN,1430,Legal Service for School Committee,312,16468794,331762,16800556,0.0197,"per pupil, in-district FTE",0,9.0,17.0,29.0,212,9,225 of 312,sources/state-dese/district-expenditures-by-function.xlsx
2010,detail,ADMN,1435,Legal Settlements,55,2845465,84388,2929853,0.0288,"per pupil, in-district FTE",0,3.0,8.0,18.0,367,,,sources/state-dese/district-expenditures-by-function.xlsx
2010,detail,ADMN,1450,District-wide Information Mgmt & Tech,280,69412799,2736348,72149147,0.0379,"per pupil, in-district FTE",0,36.0,71.0,119.5,603,63,156 of 280,sources/state-dese/district-expenditures-by-function.xlsx
2010,detail,BENE,5100,Employer Retirement Contributions,323,306099092,26006817,332105906,0.0783,"per pupil, in-district FTE",3,229.0,329.0,454.5,2292,120,305 of 323,sources/state-dese/district-expenditures-by-function.xlsx
2010,detail,BENE,5200,Insurance for Active Employees,328,1181456174,64251168,1245707342,0.0516,"per pupil, in-district FTE",322,986.0,1260.0,1598.2,3922,1212,176 of 328,sources/state-dese/district-expenditures-by-function.xlsx
2010,detail,BENE,5250,Insurance for Retired School Employees,286,366956753,747994,367704747,0.0020,"per pupil, in-district FTE",17,214.5,365.5,547.8,3386,455,105 of 286,sources/state-dese/district-expenditures-by-function.xlsx
2010,detail,BENE,5260,Other Non-Employee Insurance,301,47904824,164554,48069378,0.0034,"per pupil, in-district FTE",1,30.0,54.0,110.0,1218,52,159 of 301,sources/state-dese/district-expenditures-by-function.xlsx
2010,detail,BENE,5300,Rental Lease of Equipment,106,5248544,488445,5736988,0.0851,"per pupil, in-district FTE",0,3.0,17.0,30.8,989,,,sources/state-dese/district-expenditures-by-function.xlsx
2010,detail,BENE,5350,Rental Lease of Buildings,76,3757285,1999412,5756697,0.3473,"per pupil, in-district FTE",0,5.8,12.0,26.2,370,,,sources/state-dese/district-expenditures-by-function.xlsx
2010,detail,BENE,5400,Short Term Interest RANs,18,347576,1289,348865,0.0037,"per pupil, in-district FTE",0,0.0,1.5,5.8,20,,,sources/state-dese/district-expenditures-by-function.xlsx
2010,detail,BENE,5500,Other Fixed Charges,93,20301721,1781682,22083402,0.0807,"per pupil, in-district FTE",0,3.0,11.0,32.0,336,,,sources/state-dese/district-expenditures-by-function.xlsx
2010,detail,BENE,5550,School Crossing Guards,127,12801969,128662,12930631,0.0100,"per pupil, in-district FTE",0,6.0,13.0,25.0,100,,,sources/state-dese/district-expenditures-by-function.xlsx
2010,detail,GUID,2710,Guidance incl Adjustment Counselors,310,221405321,9886959,231292280,0.0427,"per pupil, in-district FTE",0,188.2,259.0,348.5,977,264,149 of 310,sources/state-dese/district-expenditures-by-function.xlsx
2010,detail,GUID,2720,Testing and Assessment,230,7592256,3665017,11257273,0.3256,"per pupil, in-district FTE",0,2.0,6.0,14.0,288,,,sources/state-dese/district-expenditures-by-function.xlsx
2010,detail,GUID,2800,Psychological Services,311,85125696,9637040,94762736,0.1017,"per pupil, in-district FTE",0,62.0,90.0,141.0,592,41,280 of 311,sources/state-dese/district-expenditures-by-function.xlsx
2010,detail,LDRS,2110,Curriculum Directors  (Supervisory),315,112993069,47601958,160595027,0.2964,"per pupil, in-district FTE",3,97.0,163.0,235.0,1125,228,84 of 315,sources/state-dese/district-expenditures-by-function.xlsx
2010,detail,LDRS,2120,Department Heads  (Non-Supervisory),136,15439684,4874684,20314368,0.2400,"per pupil, in-district FTE",0,8.5,29.5,58.2,337,,,sources/state-dese/district-expenditures-by-function.xlsx
2010,detail,LDRS,2210,School Leadership,327,434022272,11119342,445141614,0.0250,"per pupil, in-district FTE",75,403.0,465.0,569.5,1525,462,167 of 327,sources/state-dese/district-expenditures-by-function.xlsx
2010,detail,LDRS,2220,Curriculum/Dept Leaders (School Level),178,60548769,5720420,66269189,0.0863,"per pupil, in-district FTE",0,14.0,42.5,105.8,970,22,118 of 178,sources/state-dese/district-expenditures-by-function.xlsx
2010,detail,LDRS,2250,Admin. Technology (School Level),236,26384051,2524901,28908952,0.0873,"per pupil, in-district FTE",0,10.0,44.0,102.0,712,,,sources/state-dese/district-expenditures-by-function.xlsx
2010,detail,LDRS,2315,Instructional Coordinators (Non-Supervisory),204,23876760,17280343,41157103,0.4199,"per pupil, in-district FTE",0,14.0,42.0,96.5,527,17,144 of 204,sources/state-dese/district-expenditures-by-function.xlsx
2010,detail,MATL,2410,"Textbooks, Related Software/Media/Matls",322,43782787,32645724,76428511,0.4271,"per pupil, in-district FTE",1,29.0,57.0,86.8,1011,20,279 of 322,sources/state-dese/district-expenditures-by-function.xlsx
2010,detail,MATL,2415,Other Instructional Matls (Libraries),314,31454246,21650755,53105001,0.4077,"per pupil, in-district FTE",0,10.0,28.0,79.0,1074,39,132 of 314,sources/state-dese/district-expenditures-by-function.xlsx
2010,detail,MATL,2420,Instructional Equipment,274,22089181,7749274,29838455,0.2597,"per pupil, in-district FTE",-8,9.0,27.0,58.0,782,25,145 of 274,sources/state-dese/district-expenditures-by-function.xlsx
2010,detail,MATL,2430,General Classroom Supplies,315,48086803,18552092,66638891,0.2784,"per pupil, in-district FTE",0,38.0,72.0,115.5,1353,16,291 of 315,sources/state-dese/district-expenditures-by-function.xlsx
2010,detail,MATL,2440,Other Instructional Services,298,28590713,44386776,72977489,0.6082,"per pupil, in-district FTE",0,10.0,36.0,114.2,782,3,264 of 298,sources/state-dese/district-expenditures-by-function.xlsx
2010,detail,MATL,2451,Classroom Instructional Technology,273,29890920,16058079,45948999,0.3495,"per pupil, in-district FTE",0,13.0,35.0,81.0,614,9,216 of 273,sources/state-dese/district-expenditures-by-function.xlsx
2010,detail,MATL,2453,Other Instructional Hardware (Libraries),163,5534902,6934749,12469651,0.5561,"per pupil, in-district FTE",-1,2.0,8.0,25.5,344,,,sources/state-dese/district-expenditures-by-function.xlsx
2010,detail,MATL,2455,Instructional Software,210,5981849,1853200,7835049,0.2365,"per pupil, in-district FTE",0,3.0,11.0,21.0,137,,,sources/state-dese/district-expenditures-by-function.xlsx
2010,detail,OPMN,4110,Custodial Services,327,323865187,9920107,333785296,0.0297,"per pupil, in-district FTE",4,307.0,364.0,451.5,1662,372,153 of 327,sources/state-dese/district-expenditures-by-function.xlsx
2010,detail,OPMN,4120,Heating of Buildings,317,108128990,1354845,109483834,0.0124,"per pupil, in-district FTE",2,103.0,133.0,171.0,1116,114,202 of 317,sources/state-dese/district-expenditures-by-function.xlsx
2010,detail,OPMN,4130,Utility Services,328,214620484,5808474,220428963,0.0264,"per pupil, in-district FTE",10,176.8,213.0,277.5,940,190,223 of 328,sources/state-dese/district-expenditures-by-function.xlsx
2010,detail,OPMN,4210,Maintenance of Grounds,300,42495170,627243,43122413,0.0145,"per pupil, in-district FTE",0,20.8,42.0,75.0,758,33,178 of 300,sources/state-dese/district-expenditures-by-function.xlsx
2010,detail,OPMN,4220,Maintenance of Buildings,326,185066505,7327628,192394129,0.0381,"per pupil, in-district FTE",0,100.5,154.5,235.0,1405,94,250 of 326,sources/state-dese/district-expenditures-by-function.xlsx
2010,detail,OPMN,4225,Building Security System,126,1795818,475748,2271566,0.2094,"per pupil, in-district FTE",0,2.0,4.0,10.0,40,,,sources/state-dese/district-expenditures-by-function.xlsx
2010,detail,OPMN,4230,Maintenance of Equipment,286,20152586,1235508,21388095,0.0578,"per pupil, in-district FTE",0,12.0,24.5,49.0,699,18,175 of 286,sources/state-dese/district-expenditures-by-function.xlsx
2010,detail,OPMN,4300,Extraordinary Maintenance,114,19393191,3181816,22575007,0.1409,"per pupil, in-district FTE",-1,16.2,33.0,82.8,679,25,70 of 114,sources/state-dese/district-expenditures-by-function.xlsx
2010,detail,OPMN,4400,Networking and Telecommunications,166,13501907,446053,13947961,0.0320,"per pupil, in-district FTE",0,11.0,24.0,38.0,307,,,sources/state-dese/district-expenditures-by-function.xlsx
2010,detail,OPMN,4450,Technology Maintenance,155,11663582,441939,12105521,0.0365,"per pupil, in-district FTE",0,4.0,18.0,49.5,645,,,sources/state-dese/district-expenditures-by-function.xlsx
2010,detail,PDEV,2351,Professional Development Leadership,160,11182265,6377911,17560176,0.3632,"per pupil, in-district FTE",0,5.8,16.0,44.5,365,,,sources/state-dese/district-expenditures-by-function.xlsx
2010,detail,PDEV,2353,Instructional Staff-Professional Days,234,56376727,3454337,59831064,0.0577,"per pupil, in-district FTE",0,33.2,74.5,111.0,366,,,sources/state-dese/district-expenditures-by-function.xlsx
2010,detail,PDEV,2355,Substitutes for Prof. Development,189,4247314,1498367,5745680,0.2608,"per pupil, in-district FTE",0,3.0,7.0,12.0,125,1,168 of 189,sources/state-dese/district-expenditures-by-function.xlsx
2010,detail,PDEV,2357,"Prof. Dev. Stipends, Providers, Expenses",319,34410583,92401973,126812556,0.7287,"per pupil, in-district FTE",1,38.0,68.0,117.0,684,91,117 of 319,sources/state-dese/district-expenditures-by-function.xlsx
2010,detail,SERV,3100,Attendance and Parent Liaison Services,136,12674960,1750954,14425915,0.1214,"per pupil, in-district FTE",0,2.0,8.0,31.5,335,,,sources/state-dese/district-expenditures-by-function.xlsx
2010,detail,SERV,3200,Medical/Health Services,327,118998429,7706401,126704828,0.0608,"per pupil, in-district FTE",1,104.5,129.0,169.0,1008,111,221 of 327,sources/state-dese/district-expenditures-by-function.xlsx
2010,detail,SERV,3300,Transportation Services,327,393059580,27695379,420754951,0.0658,"per pupil, in-district FTE",0,298.0,419.0,576.5,2255,346,212 of 327,sources/state-dese/district-expenditures-by-function.xlsx
2010,detail,SERV,3400,Food Services,321,14192556,297882527,312075080,0.9545,"per pupil, in-district FTE",2,260.0,319.0,381.0,920,310,177 of 321,sources/state-dese/district-expenditures-by-function.xlsx
2010,detail,SERV,3510,Athletics,274,89865034,31630897,121495930,0.2603,"per pupil, in-district FTE",0,107.0,154.5,218.0,839,140,156 of 274,sources/state-dese/district-expenditures-by-function.xlsx
2010,detail,SERV,3520,Other Student Activities,292,21797667,34027016,55824679,0.6095,"per pupil, in-district FTE",0,24.0,47.0,97.0,598,90,84 of 292,sources/state-dese/district-expenditures-by-function.xlsx
2010,detail,SERV,3600,School Security,149,26064211,983192,27047402,0.0364,"per pupil, in-district FTE",0,8.0,22.0,48.0,373,,,sources/state-dese/district-expenditures-by-function.xlsx
2010,detail,TCHR,2305,"Teachers, Classroom",328,3774136981,336170151,4110307132,0.0818,"per pupil, in-district FTE",2391,3835.8,4262.0,5021.0,9601,3612,280 of 328,sources/state-dese/district-expenditures-by-function.xlsx
2010,detail,TCHR,2310,"Teachers, Specialists",293,392244353,96876849,489121203,0.1981,"per pupil, in-district FTE",0,159.0,527.0,828.0,2954,736,95 of 293,sources/state-dese/district-expenditures-by-function.xlsx
2010,detail,TSER,2320,Medical/ Therapeutic Services,298,182889315,22800777,205690092,0.1109,"per pupil, in-district FTE",0,123.0,214.0,305.5,829,171,180 of 298,sources/state-dese/district-expenditures-by-function.xlsx
2010,detail,TSER,2325,Substitute Teachers,327,96576321,2497034,99073355,0.0252,"per pupil, in-district FTE",1,69.0,95.0,123.0,384,74,230 of 327,sources/state-dese/district-expenditures-by-function.xlsx
2010,detail,TSER,2330,Paraprofessionals,328,374103418,136834836,510938254,0.2678,"per pupil, in-district FTE",43,395.8,530.0,705.0,1943,623,115 of 328,sources/state-dese/district-expenditures-by-function.xlsx
2010,detail,TSER,2340,Librarians/Media Center Directors,319,71546638,1954426,73501064,0.0266,"per pupil, in-district FTE",8,57.5,88.0,129.5,546,68,209 of 319,sources/state-dese/district-expenditures-by-function.xlsx
2010,detail,TUIT,9100,Tuition to Mass. Schools,246,79723302,16251612,95974912,0.1693,not published — DESE prints 0 per pupil against out-of-district rows,,,,,,,,sources/state-dese/district-expenditures-by-function.xlsx
2010,detail,TUIT,9110,Tuition for School Choice,259,67541666,0,67541666,0.0000,not published — DESE prints 0 per pupil against out-of-district rows,,,,,,,,sources/state-dese/district-expenditures-by-function.xlsx
2010,detail,TUIT,9120,Tuition to Commonwealth Charter Schools,247,275490955,0,275490955,0.0000,not published — DESE prints 0 per pupil against out-of-district rows,,,,,,,,sources/state-dese/district-expenditures-by-function.xlsx
2010,detail,TUIT,9125,Tuition to Horace Mann Charter Schools,11,16624215,1986198,18610413,0.1067,not published — DESE prints 0 per pupil against out-of-district rows,,,,,,,,sources/state-dese/district-expenditures-by-function.xlsx
2010,detail,TUIT,9200,Tuition to Out-of-State Schools,88,17034525,4355302,21389827,0.2036,not published — DESE prints 0 per pupil against out-of-district rows,,,,,,,,sources/state-dese/district-expenditures-by-function.xlsx
2010,detail,TUIT,9300,Tuition to Non-Public Schools,265,302821033,147094457,449915487,0.3269,not published — DESE prints 0 per pupil against out-of-district rows,,,,,,,,sources/state-dese/district-expenditures-by-function.xlsx
2010,detail,TUIT,9400,Tuition to Collaboratives,245,129691177,32801058,162492236,0.2019,not published — DESE prints 0 per pupil against out-of-district rows,,,,,,,,sources/state-dese/district-expenditures-by-function.xlsx
2010,rollup,IIII,IIII,In-district Expenditure,328,10160121476,1507390572,11667512050,0.1292,"per pupil, in-district FTE",7823,10635.5,12040.0,14563.8,36585,10566,253 of 328,sources/state-dese/district-expenditures-by-function.xlsx
2010,rollup,OODD,OODD,Out-of-district Expenditure,320,997957584,202488624,1200446208,0.1687,not published — DESE prints 0 per pupil against out-of-district rows,,,,,,,,sources/state-dese/district-expenditures-by-function.xlsx
2010,total,TTPP,TTPP,"Expenditure (Admin, Instruction, Operations)",328,11158079059,1709879192,12867958254,0.1329,"per pupil, in-district FTE",9135,11267.0,12449.5,14549.0,29119,10720,280 of 328,sources/state-dese/district-expenditures-by-function.xlsx
2011,category,ADMN,ADMN,Administration,328,395733099,17966428,413699523,0.0434,"per pupil, in-district FTE",191,369.8,463.5,615.5,4352,332,278 of 328,sources/state-dese/district-expenditures-by-function.xlsx
2011,category,BENE,BENE,"Insurance, Retirement Programs and Other",328,2017558161,108316365,2125874518,0.0510,"per pupil, in-district FTE",455,1697.0,2149.5,2662.2,12456,1874,218 of 328,sources/state-dese/district-expenditures-by-function.xlsx
2011,category,GUID,GUID,"Guidance, Counseling and Testing",326,320044713,24377425,344422138,0.0708,"per pupil, in-district FTE",51,292.2,366.0,469.2,1389,366,162 of 326,sources/state-dese/district-expenditures-by-function.xlsx
2011,category,LDRS,LDRS,Instructional Leadership,328,677973957,91827340,769801297,0.1193,"per pupil, in-district FTE",159,645.8,788.0,997.8,2231,668,229 of 328,sources/state-dese/district-expenditures-by-function.xlsx
2011,category,MATL,MATL,"Instructional Materials, Equipment and Technology",328,215050134,175081990,390132127,0.4488,"per pupil, in-district FTE",46,245.5,337.5,514.8,2273,112,322 of 328,sources/state-dese/district-expenditures-by-function.xlsx
2011,category,ODTR,ODTR,Out-of-district Transportation,286,104566260,0,104566260,0.0000,not published — DESE prints 0 per pupil against out-of-district rows,,,,,,,,sources/state-dese/district-expenditures-by-function.xlsx
2011,category,OPMN,OPMN,Operations and Maintenance,328,948601405,38399927,987001337,0.0389,"per pupil, in-district FTE",511,901.2,1063.5,1275.5,4955,822,277 of 328,sources/state-dese/district-expenditures-by-function.xlsx
2011,category,PDEV,PDEV,Professional Development,327,106006659,114063351,220070010,0.5183,"per pupil, in-district FTE",26,88.5,143.0,215.0,1002,146,159 of 327,sources/state-dese/district-expenditures-by-function.xlsx
2011,category,SERV,SERV,Pupil Services,328,688166114,417843374,1106009493,0.3778,"per pupil, in-district FTE",290,926.2,1111.5,1389.0,3592,1065,184 of 328,sources/state-dese/district-expenditures-by-function.xlsx
2011,category,TCHR,TCHR,Teachers,328,4214897892,434147730,4649045623,0.0934,"per pupil, in-district FTE",3039,4403.2,4895.5,5726.2,10680,4352,257 of 328,sources/state-dese/district-expenditures-by-function.xlsx
2011,category,TSER,TSER,Other Teaching Services,328,729458470,187178763,916637233,0.2042,"per pupil, in-district FTE",221,759.8,917.0,1246.8,3313,996,137 of 328,sources/state-dese/district-expenditures-by-function.xlsx
2011,detail,ADMN,1110,School Committee,325,20031665,101065,20132730,0.0050,"per pupil, in-district FTE",0,5.0,11.0,27.0,436,0,320 of 325,sources/state-dese/district-expenditures-by-function.xlsx
2011,detail,ADMN,1210,Superintendent,328,71075393,1917166,72992560,0.0263,"per pupil, in-district FTE",15,68.0,106.0,182.2,779,128,136 of 328,sources/state-dese/district-expenditures-by-function.xlsx
2011,detail,ADMN,1220,Assistant Superintendents,143,22890674,1729424,24620098,0.0702,"per pupil, in-district FTE",0,27.0,42.0,54.5,270,,,sources/state-dese/district-expenditures-by-function.xlsx
2011,detail,ADMN,1230,Other District-Wide Administration,159,20438387,5971442,26409828,0.2261,"per pupil, in-district FTE",0,11.0,30.0,63.0,1478,,,sources/state-dese/district-expenditures-by-function.xlsx
2011,detail,ADMN,1410,Business and Finance,324,146052339,2685340,148737682,0.0181,"per pupil, in-district FTE",4,115.8,170.0,235.2,2664,169,164 of 324,sources/state-dese/district-expenditures-by-function.xlsx
2011,detail,ADMN,1420,Human Resources and Benefits,215,30014606,1471931,31486536,0.0467,"per pupil, in-district FTE",0,18.0,31.0,56.0,835,,,sources/state-dese/district-expenditures-by-function.xlsx
2011,detail,ADMN,1430,Legal Service for School Committee,316,17185480,436724,17622204,0.0248,"per pupil, in-district FTE",0,10.8,17.0,31.0,157,8,252 of 316,sources/state-dese/district-expenditures-by-function.xlsx
2011,detail,ADMN,1435,Legal Settlements,58,2345010,188048,2533058,0.0742,"per pupil, in-district FTE",0,4.0,10.0,16.8,126,,,sources/state-dese/district-expenditures-by-function.xlsx
2011,detail,ADMN,1450,District-wide Information Mgmt & Tech,288,65699555,3465288,69164840,0.0501,"per pupil, in-district FTE",0,32.8,70.0,111.8,757,26,232 of 288,sources/state-dese/district-expenditures-by-function.xlsx
2011,detail,BENE,5100,Employer Retirement Contributions,323,316084968,30165901,346250869,0.0871,"per pupil, in-district FTE",10,248.0,341.0,458.0,2758,119,308 of 323,sources/state-dese/district-expenditures-by-function.xlsx
2011,detail,BENE,5200,Insurance for Active Employees,328,1236370654,70073520,1306444174,0.0536,"per pupil, in-district FTE",210,1012.8,1321.5,1720.2,4836,1161,207 of 328,sources/state-dese/district-expenditures-by-function.xlsx
2011,detail,BENE,5250,Insurance for Retired School Employees,295,378228061,1148375,379376436,0.0030,"per pupil, in-district FTE",4,236.0,383.0,566.5,4215,545,85 of 295,sources/state-dese/district-expenditures-by-function.xlsx
2011,detail,BENE,5260,Other Non-Employee Insurance,302,46090666,645684,46736349,0.0138,"per pupil, in-district FTE",-27,33.0,58.0,113.8,1079,49,172 of 302,sources/state-dese/district-expenditures-by-function.xlsx
2011,detail,BENE,5300,Rental Lease of Equipment,103,5536386,736992,6273379,0.1175,"per pupil, in-district FTE",0,3.0,18.0,31.5,761,,,sources/state-dese/district-expenditures-by-function.xlsx
2011,detail,BENE,5350,Rental Lease of Buildings,63,3707083,1403470,5110552,0.2746,"per pupil, in-district FTE",0,6.0,12.0,23.5,61,,,sources/state-dese/district-expenditures-by-function.xlsx
2011,detail,BENE,5400,Short Term Interest RANs,18,339868,0,339868,0.0000,"per pupil, in-district FTE",0,0.2,1.5,3.0,27,,,sources/state-dese/district-expenditures-by-function.xlsx
2011,detail,BENE,5500,Other Fixed Charges,87,18640750,4054901,22695651,0.1787,"per pupil, in-district FTE",0,3.0,13.0,31.0,352,,,sources/state-dese/district-expenditures-by-function.xlsx
2011,detail,BENE,5550,School Crossing Guards,129,12559725,87524,12647249,0.0069,"per pupil, in-district FTE",0,6.0,13.0,24.0,350,,,sources/state-dese/district-expenditures-by-function.xlsx
2011,detail,GUID,2710,Guidance incl Adjustment Counselors,311,222940953,10236710,233177663,0.0439,"per pupil, in-district FTE",4,191.0,262.0,359.5,1103,282,133 of 311,sources/state-dese/district-expenditures-by-function.xlsx
2011,detail,GUID,2720,Testing and Assessment,220,7358779,5396784,12755563,0.4231,"per pupil, in-district FTE",0,2.0,7.0,18.2,356,,,sources/state-dese/district-expenditures-by-function.xlsx
2011,detail,GUID,2800,Psychological Services,310,89744978,8743931,98488909,0.0888,"per pupil, in-district FTE",0,67.0,96.0,136.8,642,85,182 of 310,sources/state-dese/district-expenditures-by-function.xlsx
2011,detail,LDRS,2110,Curriculum Directors  (Supervisory),312,113573432,42217035,155790467,0.2710,"per pupil, in-district FTE",1,99.0,160.0,230.8,1276,211,91 of 312,sources/state-dese/district-expenditures-by-function.xlsx
2011,detail,LDRS,2120,Department Heads  (Non-Supervisory),141,15990611,4587982,20578593,0.2229,"per pupil, in-district FTE",0,6.0,27.0,61.0,1291,2,125 of 141,sources/state-dese/district-expenditures-by-function.xlsx
2011,detail,LDRS,2210,School Leadership,326,427423926,16869938,444293864,0.0380,"per pupil, in-district FTE",78,400.5,459.5,569.5,1710,431,197 of 326,sources/state-dese/district-expenditures-by-function.xlsx
2011,detail,LDRS,2220,Curriculum/Dept Leaders (School Level),193,60342348,5693593,66035941,0.0862,"per pupil, in-district FTE",0,14.0,41.0,99.0,776,8,162 of 193,sources/state-dese/district-expenditures-by-function.xlsx
2011,detail,LDRS,2250,Admin. Technology (School Level),235,33354130,1996297,35350427,0.0565,"per pupil, in-district FTE",0,11.0,48.0,107.0,570,,,sources/state-dese/district-expenditures-by-function.xlsx
2011,detail,LDRS,2315,Instructional Coordinators (Non-Supervisory),202,27289513,20462495,47752008,0.4285,"per pupil, in-district FTE",0,15.2,46.5,109.0,470,16,148 of 202,sources/state-dese/district-expenditures-by-function.xlsx
2011,detail,MATL,2410,"Textbooks, Related Software/Media/Matls",322,41313690,26936310,68250000,0.3947,"per pupil, in-district FTE",2,29.2,55.5,89.8,1014,12,300 of 322,sources/state-dese/district-expenditures-by-function.xlsx
2011,detail,MATL,2415,Other Instructional Matls (Libraries),311,31947634,25793164,57740798,0.4467,"per pupil, in-district FTE",0,11.5,30.0,72.0,874,37,133 of 311,sources/state-dese/district-expenditures-by-function.xlsx
2011,detail,MATL,2420,Instructional Equipment,279,19884162,6522796,26406958,0.2470,"per pupil, in-district FTE",0,9.0,25.0,51.0,783,23,145 of 279,sources/state-dese/district-expenditures-by-function.xlsx
2011,detail,MATL,2430,General Classroom Supplies,317,57001339,20991576,77992908,0.2691,"per pupil, in-district FTE",0,37.0,72.0,117.0,1316,24,276 of 317,sources/state-dese/district-expenditures-by-function.xlsx
2011,detail,MATL,2440,Other Instructional Services,300,28425185,60413520,88838705,0.6800,"per pupil, in-district FTE",-5,10.0,42.5,116.2,1093,5,244 of 300,sources/state-dese/district-expenditures-by-function.xlsx
2011,detail,MATL,2451,Classroom Instructional Technology,272,23967799,26069574,50037373,0.5210,"per pupil, in-district FTE",0,17.0,43.5,88.2,564,11,224 of 272,sources/state-dese/district-expenditures-by-function.xlsx
2011,detail,MATL,2453,Other Instructional Hardware (Libraries),158,5770391,4411422,10181813,0.4333,"per pupil, in-district FTE",0,2.2,8.0,35.8,604,,,sources/state-dese/district-expenditures-by-function.xlsx
2011,detail,MATL,2455,Instructional Software,203,6739938,3943628,10683566,0.3691,"per pupil, in-district FTE",0,4.0,10.0,23.5,125,,,sources/state-dese/district-expenditures-by-function.xlsx
2011,detail,OPMN,4110,Custodial Services,326,319529295,14702982,334232280,0.0440,"per pupil, in-district FTE",2,314.5,368.0,451.8,1757,390,136 of 326,sources/state-dese/district-expenditures-by-function.xlsx
2011,detail,OPMN,4120,Heating of Buildings,320,117256753,1614568,118871319,0.0136,"per pupil, in-district FTE",4,110.8,149.0,186.5,1197,139,180 of 320,sources/state-dese/district-expenditures-by-function.xlsx
2011,detail,OPMN,4130,Utility Services,328,218228154,5608321,223836477,0.0251,"per pupil, in-district FTE",2,175.8,220.0,288.0,897,175,247 of 328,sources/state-dese/district-expenditures-by-function.xlsx
2011,detail,OPMN,4210,Maintenance of Grounds,300,45279050,1269999,46549049,0.0273,"per pupil, in-district FTE",0,21.0,44.0,89.8,718,5,271 of 300,sources/state-dese/district-expenditures-by-function.xlsx
2011,detail,OPMN,4220,Maintenance of Buildings,327,177977208,9728931,187706137,0.0518,"per pupil, in-district FTE",0,103.5,168.0,244.0,1255,67,287 of 327,sources/state-dese/district-expenditures-by-function.xlsx
2011,detail,OPMN,4225,Building Security System,115,1872403,143218,2015621,0.0711,"per pupil, in-district FTE",0,2.0,5.0,10.0,143,,,sources/state-dese/district-expenditures-by-function.xlsx
2011,detail,OPMN,4230,Maintenance of Equipment,280,22263629,1025311,23288941,0.0440,"per pupil, in-district FTE",0,11.0,27.5,52.2,678,17,174 of 280,sources/state-dese/district-expenditures-by-function.xlsx
2011,detail,OPMN,4300,Extraordinary Maintenance,129,20967187,3381746,24348934,0.1389,"per pupil, in-district FTE",1,14.0,34.0,91.0,780,30,70 of 129,sources/state-dese/district-expenditures-by-function.xlsx
2011,detail,OPMN,4400,Networking and Telecommunications,174,14142161,549124,14691285,0.0374,"per pupil, in-district FTE",0,11.0,21.5,42.5,195,,,sources/state-dese/district-expenditures-by-function.xlsx
2011,detail,OPMN,4450,Technology Maintenance,137,11085562,375735,11461297,0.0328,"per pupil, in-district FTE",0,9.0,22.0,47.0,167,,,sources/state-dese/district-expenditures-by-function.xlsx
2011,detail,PDEV,2351,Professional Development Leadership,166,10974202,5657371,16631573,0.3402,"per pupil, in-district FTE",0,5.0,15.0,34.8,324,,,sources/state-dese/district-expenditures-by-function.xlsx
2011,detail,PDEV,2353,Instructional Staff-Professional Days,223,55224934,4003341,59228275,0.0676,"per pupil, in-district FTE",0,42.0,79.0,114.0,375,,,sources/state-dese/district-expenditures-by-function.xlsx
2011,detail,PDEV,2355,Substitutes for Prof. Development,188,3323985,1899538,5223523,0.3637,"per pupil, in-district FTE",0,3.0,7.0,13.0,131,0,181 of 188,sources/state-dese/district-expenditures-by-function.xlsx
2011,detail,PDEV,2357,"Prof. Dev. Stipends, Providers, Expenses",316,36483537,102503101,138986638,0.7375,"per pupil, in-district FTE",3,39.0,68.0,123.2,767,146,53 of 316,sources/state-dese/district-expenditures-by-function.xlsx
2011,detail,SERV,3100,Attendance and Parent Liaison Services,135,12974852,2835911,15810763,0.1794,"per pupil, in-district FTE",0,2.0,7.0,26.5,302,,,sources/state-dese/district-expenditures-by-function.xlsx
2011,detail,SERV,3200,Medical/Health Services,328,123891409,7292172,131183583,0.0556,"per pupil, in-district FTE",3,107.8,133.0,170.2,1047,120,205 of 328,sources/state-dese/district-expenditures-by-function.xlsx
2011,detail,SERV,3300,Transportation Services,327,401962115,31996365,433958485,0.0737,"per pupil, in-district FTE",0,304.5,437.0,630.0,2302,330,232 of 327,sources/state-dese/district-expenditures-by-function.xlsx
2011,detail,SERV,3400,Food Services,323,13090632,302833164,315923796,0.9586,"per pupil, in-district FTE",2,264.0,316.0,387.0,878,344,128 of 323,sources/state-dese/district-expenditures-by-function.xlsx
2011,detail,SERV,3510,Athletics,272,88459519,34438818,122898327,0.2802,"per pupil, in-district FTE",0,111.0,160.5,226.2,896,177,110 of 272,sources/state-dese/district-expenditures-by-function.xlsx
2011,detail,SERV,3520,Other Student Activities,291,21828527,36192131,58020657,0.6238,"per pupil, in-district FTE",0,27.5,52.0,98.0,568,94,78 of 291,sources/state-dese/district-expenditures-by-function.xlsx
2011,detail,SERV,3600,School Security,152,25959070,2254819,28213888,0.0799,"per pupil, in-district FTE",0,12.0,24.0,51.5,366,,,sources/state-dese/district-expenditures-by-function.xlsx
2011,detail,TCHR,2305,"Teachers, Classroom",328,3819913587,332678257,4152591841,0.0801,"per pupil, in-district FTE",2158,3940.0,4346.0,5153.2,8937,3733,267 of 328,sources/state-dese/district-expenditures-by-function.xlsx
2011,detail,TCHR,2310,"Teachers, Specialists",290,394984310,101469479,496453793,0.2044,"per pupil, in-district FTE",1,177.8,541.0,925.2,3039,619,130 of 290,sources/state-dese/district-expenditures-by-function.xlsx
2011,detail,TSER,2320,Medical/ Therapeutic Services,296,180839137,23515978,204355115,0.1151,"per pupil, in-district FTE",0,122.8,219.5,315.0,1040,228,144 of 296,sources/state-dese/district-expenditures-by-function.xlsx
2011,detail,TSER,2325,Substitute Teachers,327,102238506,2192230,104430736,0.0210,"per pupil, in-district FTE",1,70.5,96.0,132.0,390,76,233 of 327,sources/state-dese/district-expenditures-by-function.xlsx
2011,detail,TSER,2330,Paraprofessionals,328,378013743,159034552,537048295,0.2961,"per pupil, in-district FTE",41,424.5,560.5,762.2,2045,623,133 of 328,sources/state-dese/district-expenditures-by-function.xlsx
2011,detail,TSER,2340,Librarians/Media Center Directors,317,68367088,2436003,70803091,0.0344,"per pupil, in-district FTE",9,55.0,87.0,129.0,590,69,205 of 317,sources/state-dese/district-expenditures-by-function.xlsx
2011,detail,TUIT,9100,Tuition to Mass. Schools,276,88472191,14563348,103035539,0.1413,not published — DESE prints 0 per pupil against out-of-district rows,,,,,,,,sources/state-dese/district-expenditures-by-function.xlsx
2011,detail,TUIT,9110,Tuition for School Choice,269,70456286,0,70456286,0.0000,not published — DESE prints 0 per pupil against out-of-district rows,,,,,,,,sources/state-dese/district-expenditures-by-function.xlsx
2011,detail,TUIT,9120,Tuition to Commonwealth Charter Schools,247,293848458,0,293848458,0.0000,not published — DESE prints 0 per pupil against out-of-district rows,,,,,,,,sources/state-dese/district-expenditures-by-function.xlsx
2011,detail,TUIT,9125,Tuition to Horace Mann Charter Schools,6,16475753,159447,16635200,0.0096,not published — DESE prints 0 per pupil against out-of-district rows,,,,,,,,sources/state-dese/district-expenditures-by-function.xlsx
2011,detail,TUIT,9200,Tuition to Out-of-State Schools,90,17634903,4184162,21819064,0.1918,not published — DESE prints 0 per pupil against out-of-district rows,,,,,,,,sources/state-dese/district-expenditures-by-function.xlsx
2011,detail,TUIT,9300,Tuition to Non-Public Schools,265,319701372,135009337,454710706,0.2969,not published — DESE prints 0 per pupil against out-of-district rows,,,,,,,,sources/state-dese/district-expenditures-by-function.xlsx
2011,detail,TUIT,9400,Tuition to Collaboratives,247,141095577,19331933,160427508,0.1205,not published — DESE prints 0 per pupil against out-of-district rows,,,,,,,,sources/state-dese/district-expenditures-by-function.xlsx
2011,rollup,IIII,IIII,In-district Expenditure,328,10313490584,1609202692,11922693277,0.1350,"per pupil, in-district FTE",8092,11021.8,12199.5,14952.5,41742,10734,268 of 328,sources/state-dese/district-expenditures-by-function.xlsx
2011,rollup,OODD,OODD,Out-of-district Expenditure,318,1052250794,173248223,1225499010,0.1414,not published — DESE prints 0 per pupil against out-of-district rows,,,,,,,,sources/state-dese/district-expenditures-by-function.xlsx
2011,total,TTPP,TTPP,"Expenditure (Admin, Instruction, Operations)",328,11365741378,1782450912,13148192292,0.1356,"per pupil, in-district FTE",9648,11585.2,12728.0,15131.2,31294,11080,283 of 328,sources/state-dese/district-expenditures-by-function.xlsx
2012,category,ADMN,ADMN,Administration,326,418163681,14740600,432904282,0.0341,"per pupil, in-district FTE",111,384.2,478.5,645.0,3186,353,272 of 326,sources/state-dese/district-expenditures-by-function.xlsx
2012,category,BENE,BENE,"Insurance, Retirement Programs and Other",326,2064477349,108615436,2173092785,0.0500,"per pupil, in-district FTE",430,1768.5,2226.5,2779.5,14110,2025,201 of 326,sources/state-dese/district-expenditures-by-function.xlsx
2012,category,GUID,GUID,"Guidance, Counseling and Testing",325,338426781,17200335,355627116,0.0484,"per pupil, in-district FTE",17,308.0,389.0,490.0,1180,332,217 of 325,sources/state-dese/district-expenditures-by-function.xlsx
2012,category,LDRS,LDRS,Instructional Leadership,326,692841060,93055933,785896993,0.1184,"per pupil, in-district FTE",87,668.0,822.5,1064.0,2279,656,254 of 326,sources/state-dese/district-expenditures-by-function.xlsx
2012,category,MATL,MATL,"Instructional Materials, Equipment and Technology",326,218098946,128423252,346522201,0.3706,"per pupil, in-district FTE",82,224.5,320.5,465.5,2499,137,311 of 326,sources/state-dese/district-expenditures-by-function.xlsx
2012,category,ODTR,ODTR,Out-of-district Transportation,295,120334500,0,120334500,0.0000,not published — DESE prints 0 per pupil against out-of-district rows,,,,,,,,sources/state-dese/district-expenditures-by-function.xlsx
2012,category,OPMN,OPMN,Operations and Maintenance,326,911398753,40654712,952053472,0.0427,"per pupil, in-district FTE",583,891.5,1039.0,1289.8,4932,825,261 of 326,sources/state-dese/district-expenditures-by-function.xlsx
2012,category,PDEV,PDEV,Professional Development,326,115149521,97664474,212813993,0.4589,"per pupil, in-district FTE",10,92.0,144.5,223.2,1106,105,227 of 326,sources/state-dese/district-expenditures-by-function.xlsx
2012,category,SERV,SERV,Pupil Services,326,712491530,435815728,1148307259,0.3795,"per pupil, in-district FTE",407,970.5,1177.5,1407.8,3824,965,247 of 326,sources/state-dese/district-expenditures-by-function.xlsx
2012,category,TCHR,TCHR,Teachers,326,4325730915,384794350,4710525262,0.0817,"per pupil, in-district FTE",3533,4567.2,5017.5,5798.8,13629,4554,247 of 326,sources/state-dese/district-expenditures-by-function.xlsx
2012,category,TSER,TSER,Other Teaching Services,326,772606866,171370181,943977047,0.1815,"per pupil, in-district FTE",264,787.0,935.0,1240.5,3716,1001,141 of 326,sources/state-dese/district-expenditures-by-function.xlsx
2012,detail,ADMN,1110,School Committee,323,20581957,134148,20716104,0.0065,"per pupil, in-district FTE",0,6.0,11.0,27.0,856,102,24 of 323,sources/state-dese/district-expenditures-by-function.xlsx
2012,detail,ADMN,1210,Superintendent,325,71685899,1438412,73124312,0.0197,"per pupil, in-district FTE",13,70.0,109.0,186.0,790,106,168 of 325,sources/state-dese/district-expenditures-by-function.xlsx
2012,detail,ADMN,1220,Assistant Superintendents,146,25335137,1696865,27032002,0.0628,"per pupil, in-district FTE",1,29.0,42.5,58.8,523,,,sources/state-dese/district-expenditures-by-function.xlsx
2012,detail,ADMN,1230,Other District-Wide Administration,157,22893319,4179692,27073011,0.1544,"per pupil, in-district FTE",0,12.0,31.0,55.0,521,,,sources/state-dese/district-expenditures-by-function.xlsx
2012,detail,ADMN,1410,Business and Finance,318,146934818,2807987,149742805,0.0188,"per pupil, in-district FTE",4,118.2,170.0,239.8,2576,76,297 of 318,sources/state-dese/district-expenditures-by-function.xlsx
2012,detail,ADMN,1420,Human Resources and Benefits,216,29558484,585729,30144212,0.0194,"per pupil, in-district FTE",0,19.0,32.0,51.2,417,,,sources/state-dese/district-expenditures-by-function.xlsx
2012,detail,ADMN,1430,Legal Service for School Committee,314,18210893,128172,18339065,0.0070,"per pupil, in-district FTE",1,11.0,19.0,32.0,252,15,183 of 314,sources/state-dese/district-expenditures-by-function.xlsx
2012,detail,ADMN,1435,Legal Settlements,55,3176364,66681,3243045,0.0206,"per pupil, in-district FTE",0,3.0,12.0,20.0,103,,,sources/state-dese/district-expenditures-by-function.xlsx
2012,detail,ADMN,1450,District-wide Information Mgmt & Tech,295,79786824,3702916,83489742,0.0444,"per pupil, in-district FTE",0,31.0,80.0,135.5,641,55,176 of 295,sources/state-dese/district-expenditures-by-function.xlsx
2012,detail,BENE,5100,Employer Retirement Contributions,322,326895637,25369840,352265478,0.0720,"per pupil, in-district FTE",11,253.2,366.0,483.0,3021,135,308 of 322,sources/state-dese/district-expenditures-by-function.xlsx
2012,detail,BENE,5200,Insurance for Active Employees,326,1250737812,74860459,1325598271,0.0565,"per pupil, in-district FTE",177,1077.5,1382.5,1809.8,5501,1307,185 of 326,sources/state-dese/district-expenditures-by-function.xlsx
2012,detail,BENE,5250,Insurance for Retired School Employees,292,397141360,1085017,398226377,0.0027,"per pupil, in-district FTE",4,241.0,397.5,575.5,4602,512,107 of 292,sources/state-dese/district-expenditures-by-function.xlsx
2012,detail,BENE,5260,Other Non-Employee Insurance,303,47681042,165069,47846112,0.0034,"per pupil, in-district FTE",0,33.0,63.0,122.5,837,71,136 of 303,sources/state-dese/district-expenditures-by-function.xlsx
2012,detail,BENE,5300,Rental Lease of Equipment,103,5465147,1750216,7215361,0.2426,"per pupil, in-district FTE",0,3.0,20.0,36.0,795,,,sources/state-dese/district-expenditures-by-function.xlsx
2012,detail,BENE,5350,Rental Lease of Buildings,56,3886427,1930977,5817405,0.3319,"per pupil, in-district FTE",0,3.8,12.0,26.5,70,,,sources/state-dese/district-expenditures-by-function.xlsx
2012,detail,BENE,5400,Short Term Interest RANs,15,233829,0,233829,0.0000,"per pupil, in-district FTE",0,0.5,2.0,8.0,15,,,sources/state-dese/district-expenditures-by-function.xlsx
2012,detail,BENE,5500,Other Fixed Charges,91,20001898,3362585,23364483,0.1439,"per pupil, in-district FTE",0,3.0,11.0,31.5,397,,,sources/state-dese/district-expenditures-by-function.xlsx
2012,detail,BENE,5550,School Crossing Guards,131,12434199,91276,12525475,0.0073,"per pupil, in-district FTE",1,7.0,13.0,23.5,94,,,sources/state-dese/district-expenditures-by-function.xlsx
2012,detail,GUID,2710,Guidance incl Adjustment Counselors,309,233177404,8958755,242136159,0.0370,"per pupil, in-district FTE",9,203.0,285.0,370.0,1061,287,150 of 309,sources/state-dese/district-expenditures-by-function.xlsx
2012,detail,GUID,2720,Testing and Assessment,217,9552773,2352289,11905062,0.1976,"per pupil, in-district FTE",0,3.0,7.0,17.0,176,,,sources/state-dese/district-expenditures-by-function.xlsx
2012,detail,GUID,2800,Psychological Services,312,95696599,5889291,101585890,0.0580,"per pupil, in-district FTE",1,69.0,99.5,149.0,664,46,276 of 312,sources/state-dese/district-expenditures-by-function.xlsx
2012,detail,LDRS,2110,Curriculum Directors  (Supervisory),306,122472185,43839743,166311928,0.2636,"per pupil, in-district FTE",0,111.2,165.0,237.0,982,183,135 of 306,sources/state-dese/district-expenditures-by-function.xlsx
2012,detail,LDRS,2120,Department Heads  (Non-Supervisory),136,15344208,5223301,20567509,0.2540,"per pupil, in-district FTE",0,8.0,31.0,64.0,311,1,123 of 136,sources/state-dese/district-expenditures-by-function.xlsx
2012,detail,LDRS,2210,School Leadership,325,436843969,11815819,448659788,0.0263,"per pupil, in-district FTE",0,421.0,486.0,587.0,1758,433,222 of 325,sources/state-dese/district-expenditures-by-function.xlsx
2012,detail,LDRS,2220,Curriculum/Dept Leaders (School Level),197,57588130,8520368,66108498,0.1289,"per pupil, in-district FTE",0,13.0,52.0,110.0,1170,4,175 of 197,sources/state-dese/district-expenditures-by-function.xlsx
2012,detail,LDRS,2250,Admin. Technology (School Level),234,30361936,2363911,32725847,0.0722,"per pupil, in-district FTE",0,11.2,47.0,108.0,543,,,sources/state-dese/district-expenditures-by-function.xlsx
2012,detail,LDRS,2315,Instructional Coordinators (Non-Supervisory),207,30230631,21292791,51523422,0.4133,"per pupil, in-district FTE",0,14.5,54.0,116.5,524,34,126 of 207,sources/state-dese/district-expenditures-by-function.xlsx
2012,detail,MATL,2410,"Textbooks, Related Software/Media/Matls",322,43009325,17206533,60215858,0.2857,"per pupil, in-district FTE",3,25.0,46.0,81.0,905,12,293 of 322,sources/state-dese/district-expenditures-by-function.xlsx
2012,detail,MATL,2415,Other Instructional Matls (Libraries),315,29412678,17469197,46881875,0.3726,"per pupil, in-district FTE",0,10.0,22.0,68.0,1046,51,104 of 315,sources/state-dese/district-expenditures-by-function.xlsx
2012,detail,MATL,2420,Instructional Equipment,276,20438790,5848395,26287185,0.2225,"per pupil, in-district FTE",0,9.0,25.0,45.2,898,16,180 of 276,sources/state-dese/district-expenditures-by-function.xlsx
2012,detail,MATL,2430,General Classroom Supplies,316,47525345,15814011,63339352,0.2497,"per pupil, in-district FTE",0,37.0,67.0,110.2,1163,21,281 of 316,sources/state-dese/district-expenditures-by-function.xlsx
2012,detail,MATL,2440,Other Instructional Services,295,34289797,57643218,91933015,0.6270,"per pupil, in-district FTE",0,12.5,44.0,121.5,981,19,197 of 295,sources/state-dese/district-expenditures-by-function.xlsx
2012,detail,MATL,2451,Classroom Instructional Technology,281,30789721,9659677,40449398,0.2388,"per pupil, in-district FTE",0,14.0,36.0,82.0,633,14,211 of 281,sources/state-dese/district-expenditures-by-function.xlsx
2012,detail,MATL,2453,Other Instructional Hardware (Libraries),149,6229016,3765590,9994606,0.3768,"per pupil, in-district FTE",0,2.0,6.0,24.0,704,,,sources/state-dese/district-expenditures-by-function.xlsx
2012,detail,MATL,2455,Instructional Software,199,6404283,1016631,7420914,0.1370,"per pupil, in-district FTE",0,4.0,10.0,24.0,188,4,142 of 199,sources/state-dese/district-expenditures-by-function.xlsx
2012,detail,OPMN,4110,Custodial Services,324,313874975,17956311,331831286,0.0541,"per pupil, in-district FTE",4,311.5,377.5,468.2,1867,378,162 of 324,sources/state-dese/district-expenditures-by-function.xlsx
2012,detail,OPMN,4120,Heating of Buildings,313,92977485,1629874,94607359,0.0172,"per pupil, in-district FTE",0,84.0,119.0,174.0,1067,97,203 of 313,sources/state-dese/district-expenditures-by-function.xlsx
2012,detail,OPMN,4130,Utility Services,326,206056383,4907178,210963560,0.0233,"per pupil, in-district FTE",4,168.0,209.0,270.5,831,167,246 of 326,sources/state-dese/district-expenditures-by-function.xlsx
2012,detail,OPMN,4210,Maintenance of Grounds,308,42642229,1735500,44377723,0.0391,"per pupil, in-district FTE",0,16.8,44.0,83.5,722,43,157 of 308,sources/state-dese/district-expenditures-by-function.xlsx
2012,detail,OPMN,4220,Maintenance of Buildings,322,181552625,9148078,190700705,0.0480,"per pupil, in-district FTE",1,109.5,162.0,252.2,1248,79,276 of 322,sources/state-dese/district-expenditures-by-function.xlsx
2012,detail,OPMN,4225,Building Security System,127,2173190,116020,2289210,0.0507,"per pupil, in-district FTE",0,2.0,4.0,9.5,117,,,sources/state-dese/district-expenditures-by-function.xlsx
2012,detail,OPMN,4230,Maintenance of Equipment,288,22736712,1562215,24298926,0.0643,"per pupil, in-district FTE",0,11.8,26.5,54.0,338,15,187 of 288,sources/state-dese/district-expenditures-by-function.xlsx
2012,detail,OPMN,4300,Extraordinary Maintenance,123,20142902,2020162,22163065,0.0911,"per pupil, in-district FTE",0,10.0,31.0,90.5,880,46,46 of 123,sources/state-dese/district-expenditures-by-function.xlsx
2012,detail,OPMN,4400,Networking and Telecommunications,171,17050841,932167,17983007,0.0518,"per pupil, in-district FTE",-3,12.0,29.0,63.0,392,,,sources/state-dese/district-expenditures-by-function.xlsx
2012,detail,OPMN,4450,Technology Maintenance,147,12191432,647210,12838642,0.0504,"per pupil, in-district FTE",0,7.0,22.0,52.0,173,,,sources/state-dese/district-expenditures-by-function.xlsx
2012,detail,PDEV,2351,Professional Development Leadership,160,11207375,3929489,15136864,0.2596,"per pupil, in-district FTE",0,5.0,20.5,47.0,395,,,sources/state-dese/district-expenditures-by-function.xlsx
2012,detail,PDEV,2353,Instructional Staff-Professional Days,226,57285405,3333522,60618927,0.0550,"per pupil, in-district FTE",0,34.5,80.0,122.5,362,,,sources/state-dese/district-expenditures-by-function.xlsx
2012,detail,PDEV,2355,Substitutes for Prof. Development,181,3661498,1260691,4922190,0.2561,"per pupil, in-district FTE",0,3.0,8.0,14.0,147,1,162 of 181,sources/state-dese/district-expenditures-by-function.xlsx
2012,detail,PDEV,2357,"Prof. Dev. Stipends, Providers, Expenses",319,42995248,89140772,132136020,0.6746,"per pupil, in-district FTE",0,42.5,69.0,115.0,885,104,96 of 319,sources/state-dese/district-expenditures-by-function.xlsx
2012,detail,SERV,3100,Attendance and Parent Liaison Services,137,15128619,1627540,16756159,0.0971,"per pupil, in-district FTE",0,2.0,7.0,24.0,225,,,sources/state-dese/district-expenditures-by-function.xlsx
2012,detail,SERV,3200,Medical/Health Services,326,127618084,7018617,134636700,0.0521,"per pupil, in-district FTE",3,115.2,143.5,180.8,1011,124,217 of 326,sources/state-dese/district-expenditures-by-function.xlsx
2012,detail,SERV,3300,Transportation Services,324,414367041,29545346,443912382,0.0666,"per pupil, in-district FTE",0,313.8,446.5,624.8,2297,344,227 of 324,sources/state-dese/district-expenditures-by-function.xlsx
2012,detail,SERV,3400,Food Services,322,11947535,319947698,331895231,0.9640,"per pupil, in-district FTE",0,274.0,327.0,413.0,1097,300,200 of 322,sources/state-dese/district-expenditures-by-function.xlsx
2012,detail,SERV,3510,Athletics,270,91088836,35438930,126527761,0.2801,"per pupil, in-district FTE",5,112.5,163.0,233.2,758,184,107 of 270,sources/state-dese/district-expenditures-by-function.xlsx
2012,detail,SERV,3520,Other Student Activities,293,23550677,41295643,64846319,0.6368,"per pupil, in-district FTE",1,28.0,54.0,111.0,584,12,270 of 293,sources/state-dese/district-expenditures-by-function.xlsx
2012,detail,SERV,3600,School Security,156,28790748,941953,29732700,0.0317,"per pupil, in-district FTE",0,8.0,21.5,53.2,341,,,sources/state-dese/district-expenditures-by-function.xlsx
2012,detail,TCHR,2305,"Teachers, Classroom",326,3913296934,299296347,4212593275,0.0710,"per pupil, in-district FTE",2516,4013.0,4458.0,5255.2,11253,3911,256 of 326,sources/state-dese/district-expenditures-by-function.xlsx
2012,detail,TCHR,2310,"Teachers, Specialists",288,412433989,85498004,497931994,0.1717,"per pupil, in-district FTE",2,173.5,533.5,956.8,3001,643,129 of 288,sources/state-dese/district-expenditures-by-function.xlsx
2012,detail,TSER,2320,Medical/ Therapeutic Services,292,195173391,14191697,209365088,0.0678,"per pupil, in-district FTE",1,137.8,232.0,322.2,1012,251,128 of 292,sources/state-dese/district-expenditures-by-function.xlsx
2012,detail,TSER,2325,Substitute Teachers,323,107164952,1428123,108593075,0.0132,"per pupil, in-district FTE",0,74.0,101.0,134.0,632,76,236 of 323,sources/state-dese/district-expenditures-by-function.xlsx
2012,detail,TSER,2330,Paraprofessionals,326,403435508,153860094,557295602,0.2761,"per pupil, in-district FTE",80,434.5,570.0,766.8,2214,602,140 of 326,sources/state-dese/district-expenditures-by-function.xlsx
2012,detail,TSER,2340,Librarians/Media Center Directors,315,66833019,1890267,68723286,0.0275,"per pupil, in-district FTE",0,54.0,84.0,127.0,951,72,183 of 315,sources/state-dese/district-expenditures-by-function.xlsx
2012,detail,TUIT,9100,Tuition to Mass. Schools,269,79542503,14095317,93637819,0.1505,not published — DESE prints 0 per pupil against out-of-district rows,,,,,,,,sources/state-dese/district-expenditures-by-function.xlsx
2012,detail,TUIT,9110,Tuition for School Choice,281,74061802,0,74061802,0.0000,not published — DESE prints 0 per pupil against out-of-district rows,,,,,,,,sources/state-dese/district-expenditures-by-function.xlsx
2012,detail,TUIT,9120,Tuition to Commonwealth Charter Schools,243,313910286,0,313910286,0.0000,not published — DESE prints 0 per pupil against out-of-district rows,,,,,,,,sources/state-dese/district-expenditures-by-function.xlsx
2012,detail,TUIT,9125,Tuition to Horace Mann Charter Schools,4,17200243,435037,17635280,0.0247,not published — DESE prints 0 per pupil against out-of-district rows,,,,,,,,sources/state-dese/district-expenditures-by-function.xlsx
2012,detail,TUIT,9200,Tuition to Out-of-State Schools,94,16955130,4276462,21231591,0.2014,not published — DESE prints 0 per pupil against out-of-district rows,,,,,,,,sources/state-dese/district-expenditures-by-function.xlsx
2012,detail,TUIT,9300,Tuition to Non-Public Schools,269,326662812,148406530,475069348,0.3124,not published — DESE prints 0 per pupil against out-of-district rows,,,,,,,,sources/state-dese/district-expenditures-by-function.xlsx
2012,detail,TUIT,9400,Tuition to Collaboratives,250,145189155,28950065,174139221,0.1662,not published — DESE prints 0 per pupil against out-of-district rows,,,,,,,,sources/state-dese/district-expenditures-by-function.xlsx
2012,rollup,IIII,IIII,In-district Expenditure,326,10569385411,1492334997,12061720400,0.1237,"per pupil, in-district FTE",8185,11366.5,12544.0,15145.8,46464,10955,276 of 326,sources/state-dese/district-expenditures-by-function.xlsx
2012,rollup,OODD,OODD,Out-of-district Expenditure,318,1093856439,196163411,1290019858,0.1521,not published — DESE prints 0 per pupil against out-of-district rows,,,,,,,,sources/state-dese/district-expenditures-by-function.xlsx
2012,total,TTPP,TTPP,"Expenditure (Admin, Instruction, Operations)",326,11663241849,1688498407,13351740249,0.1265,"per pupil, in-district FTE",10064,12022.5,13080.5,15472.0,33811,11448,282 of 326,sources/state-dese/district-expenditures-by-function.xlsx
2013,category,ADMN,ADMN,Administration,324,426748962,17077782,443826738,0.0385,"per pupil, in-district FTE",202,409.5,496.0,673.5,3548,359,273 of 324,sources/state-dese/district-expenditures-by-function.xlsx
2013,category,BENE,BENE,"Insurance, Retirement Programs and Other",324,2101084795,73181935,2174266738,0.0337,"per pupil, in-district FTE",474,1790.0,2235.0,2733.0,11348,2119,188 of 324,sources/state-dese/district-expenditures-by-function.xlsx
2013,category,GUID,GUID,"Guidance, Counseling and Testing",324,353985788,16443360,370429148,0.0444,"per pupil, in-district FTE",24,324.2,404.5,507.8,1099,366,196 of 324,sources/state-dese/district-expenditures-by-function.xlsx
2013,category,LDRS,LDRS,Instructional Leadership,324,727612799,83287690,810900489,0.1027,"per pupil, in-district FTE",183,703.5,859.5,1085.2,2550,577,306 of 324,sources/state-dese/district-expenditures-by-function.xlsx
2013,category,MATL,MATL,"Instructional Materials, Equipment and Technology",324,242337488,134091227,376428715,0.3562,"per pupil, in-district FTE",32,238.8,340.0,514.2,1949,149,300 of 324,sources/state-dese/district-expenditures-by-function.xlsx
2013,category,ODTR,ODTR,Out-of-district Transportation,280,122673200,0,122673200,0.0000,not published — DESE prints 0 per pupil against out-of-district rows,,,,,,,,sources/state-dese/district-expenditures-by-function.xlsx
2013,category,OPMN,OPMN,Operations and Maintenance,324,943752798,35192212,978945007,0.0359,"per pupil, in-district FTE",530,921.5,1059.5,1295.5,3889,977,208 of 324,sources/state-dese/district-expenditures-by-function.xlsx
2013,category,PDEV,PDEV,Professional Development,324,123786435,82551231,206337668,0.4001,"per pupil, in-district FTE",13,90.0,145.0,228.2,936,47,298 of 324,sources/state-dese/district-expenditures-by-function.xlsx
2013,category,SERV,SERV,Pupil Services,324,748002237,439208214,1187210443,0.3699,"per pupil, in-district FTE",422,1011.5,1238.0,1479.0,3854,1009,245 of 324,sources/state-dese/district-expenditures-by-function.xlsx
2013,category,TCHR,TCHR,Teachers,324,4519315893,340879961,4860195843,0.0701,"per pupil, in-district FTE",3453,4691.2,5200.5,6010.5,12891,4739,232 of 324,sources/state-dese/district-expenditures-by-function.xlsx
2013,category,TSER,TSER,Other Teaching Services,324,839598346,160406983,1000005329,0.1604,"per pupil, in-district FTE",267,825.5,1041.5,1332.2,4135,998,173 of 324,sources/state-dese/district-expenditures-by-function.xlsx
2013,detail,ADMN,1110,School Committee,320,23371698,190774,23562472,0.0081,"per pupil, in-district FTE",0,6.0,11.5,31.0,392,3,281 of 320,sources/state-dese/district-expenditures-by-function.xlsx
2013,detail,ADMN,1210,Superintendent,324,74362357,2121699,76484056,0.0277,"per pupil, in-district FTE",13,72.0,112.0,194.5,838,107,176 of 324,sources/state-dese/district-expenditures-by-function.xlsx
2013,detail,ADMN,1220,Assistant Superintendents,150,25990437,673483,26663919,0.0253,"per pupil, in-district FTE",2,33.2,43.5,58.0,265,,,sources/state-dese/district-expenditures-by-function.xlsx
2013,detail,ADMN,1230,Other District-Wide Administration,152,21927390,6250973,28178360,0.2218,"per pupil, in-district FTE",0,13.8,28.5,63.2,515,4,136 of 152,sources/state-dese/district-expenditures-by-function.xlsx
2013,detail,ADMN,1410,Business and Finance,320,148165212,3426746,151591956,0.0226,"per pupil, in-district FTE",4,124.0,176.0,246.2,1554,158,194 of 320,sources/state-dese/district-expenditures-by-function.xlsx
2013,detail,ADMN,1420,Human Resources and Benefits,213,31182646,1242720,32425365,0.0383,"per pupil, in-district FTE",0,19.0,33.0,59.0,431,,,sources/state-dese/district-expenditures-by-function.xlsx
2013,detail,ADMN,1430,Legal Service for School Committee,311,19187324,393374,19580697,0.0201,"per pupil, in-district FTE",0,10.0,19.0,33.5,252,12,210 of 311,sources/state-dese/district-expenditures-by-function.xlsx
2013,detail,ADMN,1435,Legal Settlements,52,3345941,211523,3557464,0.0595,"per pupil, in-district FTE",0,3.8,10.5,25.2,183,,,sources/state-dese/district-expenditures-by-function.xlsx
2013,detail,ADMN,1450,District-wide Information Mgmt & Tech,286,79215973,2566491,81782464,0.0314,"per pupil, in-district FTE",0,37.2,80.0,147.0,668,74,153 of 286,sources/state-dese/district-expenditures-by-function.xlsx
2013,detail,BENE,5100,Employer Retirement Contributions,321,348717572,22199800,370917371,0.0599,"per pupil, in-district FTE",0,272.0,377.0,503.0,3111,151,308 of 321,sources/state-dese/district-expenditures-by-function.xlsx
2013,detail,BENE,5200,Insurance for Active Employees,324,1254149723,47568921,1301718645,0.0365,"per pupil, in-district FTE",173,1090.8,1396.5,1754.2,4571,1396,163 of 324,sources/state-dese/district-expenditures-by-function.xlsx
2013,detail,BENE,5250,Insurance for Retired School Employees,304,406165748,654942,406820690,0.0016,"per pupil, in-district FTE",3,245.2,387.0,558.2,2870,523,91 of 304,sources/state-dese/district-expenditures-by-function.xlsx
2013,detail,BENE,5260,Other Non-Employee Insurance,298,49386656,109430,49496086,0.0022,"per pupil, in-district FTE",0,37.0,62.0,126.0,795,49,181 of 298,sources/state-dese/district-expenditures-by-function.xlsx
2013,detail,BENE,5300,Rental Lease of Equipment,104,5678847,279137,5957982,0.0469,"per pupil, in-district FTE",0,3.8,22.0,33.0,826,,,sources/state-dese/district-expenditures-by-function.xlsx
2013,detail,BENE,5350,Rental Lease of Buildings,63,4771273,1771868,6543141,0.2708,"per pupil, in-district FTE",0,6.0,12.0,28.0,1087,,,sources/state-dese/district-expenditures-by-function.xlsx
2013,detail,BENE,5400,Short Term Interest RANs,17,258579,1388,259967,0.0053,"per pupil, in-district FTE",0,0.0,2.0,4.0,23,,,sources/state-dese/district-expenditures-by-function.xlsx
2013,detail,BENE,5500,Other Fixed Charges,87,19380518,474226,19854745,0.0239,"per pupil, in-district FTE",0,2.0,9.0,29.0,425,,,sources/state-dese/district-expenditures-by-function.xlsx
2013,detail,BENE,5550,School Crossing Guards,134,12575880,122230,12698110,0.0096,"per pupil, in-district FTE",1,7.0,13.0,24.0,95,,,sources/state-dese/district-expenditures-by-function.xlsx
2013,detail,GUID,2710,Guidance incl Adjustment Counselors,310,247977598,7729777,255707375,0.0302,"per pupil, in-district FTE",9,212.0,289.5,394.0,943,306,140 of 310,sources/state-dese/district-expenditures-by-function.xlsx
2013,detail,GUID,2720,Testing and Assessment,218,9949146,3654770,13603916,0.2687,"per pupil, in-district FTE",0,3.0,8.0,20.0,166,,,sources/state-dese/district-expenditures-by-function.xlsx
2013,detail,GUID,2800,Psychological Services,312,96059052,5058813,101117865,0.0500,"per pupil, in-district FTE",1,70.0,102.0,150.5,511,59,262 of 312,sources/state-dese/district-expenditures-by-function.xlsx
2013,detail,LDRS,2110,Curriculum Directors  (Supervisory),305,130347260,41432565,171779825,0.2412,"per pupil, in-district FTE",1,115.0,174.0,247.0,1045,160,171 of 305,sources/state-dese/district-expenditures-by-function.xlsx
2013,detail,LDRS,2120,Department Heads  (Non-Supervisory),123,15953102,4399358,20352460,0.2162,"per pupil, in-district FTE",0,9.5,33.0,72.5,440,,,sources/state-dese/district-expenditures-by-function.xlsx
2013,detail,LDRS,2210,School Leadership,324,453702397,11111630,464814027,0.0239,"per pupil, in-district FTE",2,438.5,509.5,602.0,1864,404,281 of 324,sources/state-dese/district-expenditures-by-function.xlsx
2013,detail,LDRS,2220,Curriculum/Dept Leaders (School Level),194,59060142,6351866,65412008,0.0971,"per pupil, in-district FTE",0,13.0,48.0,112.0,925,,,sources/state-dese/district-expenditures-by-function.xlsx
2013,detail,LDRS,2250,Admin. Technology (School Level),235,33058786,1600864,34659650,0.0462,"per pupil, in-district FTE",0,14.0,47.0,110.0,623,,,sources/state-dese/district-expenditures-by-function.xlsx
2013,detail,LDRS,2315,Instructional Coordinators (Non-Supervisory),222,35491117,18391407,53882524,0.3413,"per pupil, in-district FTE",0,10.0,51.0,118.0,507,13,159 of 222,sources/state-dese/district-expenditures-by-function.xlsx
2013,detail,MATL,2410,"Textbooks, Related Software/Media/Matls",319,44955720,16719908,61675628,0.2711,"per pupil, in-district FTE",1,25.0,50.0,84.0,859,7,302 of 319,sources/state-dese/district-expenditures-by-function.xlsx
2013,detail,MATL,2415,Other Instructional Matls (Libraries),312,33007125,18428447,51435572,0.3583,"per pupil, in-district FTE",0,11.0,27.5,76.0,765,31,149 of 312,sources/state-dese/district-expenditures-by-function.xlsx
2013,detail,MATL,2420,Instructional Equipment,267,21992219,8034423,30026642,0.2676,"per pupil, in-district FTE",0,9.5,30.0,60.0,829,18,169 of 267,sources/state-dese/district-expenditures-by-function.xlsx
2013,detail,MATL,2430,General Classroom Supplies,314,48844421,15271014,64115437,0.2382,"per pupil, in-district FTE",0,36.2,69.5,105.8,1403,14,295 of 314,sources/state-dese/district-expenditures-by-function.xlsx
2013,detail,MATL,2440,Other Instructional Services,295,39638868,60413284,100052152,0.6038,"per pupil, in-district FTE",0,11.5,37.0,113.5,775,25,175 of 295,sources/state-dese/district-expenditures-by-function.xlsx
2013,detail,MATL,2451,Classroom Instructional Technology,281,41268287,10614559,51882846,0.2046,"per pupil, in-district FTE",0,15.0,42.0,93.0,870,50,120 of 281,sources/state-dese/district-expenditures-by-function.xlsx
2013,detail,MATL,2453,Other Instructional Hardware (Libraries),154,5837069,3021479,8858548,0.3411,"per pupil, in-district FTE",0,1.0,8.0,24.8,232,,,sources/state-dese/district-expenditures-by-function.xlsx
2013,detail,MATL,2455,Instructional Software,196,6793767,1588113,8381880,0.1895,"per pupil, in-district FTE",0,4.0,12.0,23.2,126,4,147 of 196,sources/state-dese/district-expenditures-by-function.xlsx
2013,detail,OPMN,4110,Custodial Services,322,330667724,11921533,342589260,0.0348,"per pupil, in-district FTE",3,331.0,392.5,472.2,1703,366,193 of 322,sources/state-dese/district-expenditures-by-function.xlsx
2013,detail,OPMN,4120,Heating of Buildings,313,98232106,1816579,100048684,0.0182,"per pupil, in-district FTE",0,94.0,129.0,188.0,1014,100,219 of 313,sources/state-dese/district-expenditures-by-function.xlsx
2013,detail,OPMN,4130,Utility Services,324,203788517,4470304,208258821,0.0215,"per pupil, in-district FTE",14,168.0,211.5,264.2,742,171,235 of 324,sources/state-dese/district-expenditures-by-function.xlsx
2013,detail,OPMN,4210,Maintenance of Grounds,304,45281529,1581753,46863277,0.0338,"per pupil, in-district FTE",0,20.8,46.0,91.8,848,35,185 of 304,sources/state-dese/district-expenditures-by-function.xlsx
2013,detail,OPMN,4220,Maintenance of Buildings,320,188159343,11198646,199357993,0.0562,"per pupil, in-district FTE",3,110.0,173.0,247.5,1408,68,286 of 320,sources/state-dese/district-expenditures-by-function.xlsx
2013,detail,OPMN,4225,Building Security System,142,4027434,133996,4161430,0.0322,"per pupil, in-district FTE",0,3.0,7.0,15.8,181,,,sources/state-dese/district-expenditures-by-function.xlsx
2013,detail,OPMN,4230,Maintenance of Equipment,285,23287669,1211087,24498753,0.0494,"per pupil, in-district FTE",0,11.0,29.0,58.0,370,14,201 of 285,sources/state-dese/district-expenditures-by-function.xlsx
2013,detail,OPMN,4300,Extraordinary Maintenance,112,19254775,1015638,20270412,0.0501,"per pupil, in-district FTE",0,10.0,35.5,73.0,889,187,8 of 112,sources/state-dese/district-expenditures-by-function.xlsx
2013,detail,OPMN,4400,Networking and Telecommunications,173,16646378,1090170,17736548,0.0615,"per pupil, in-district FTE",0,11.0,30.0,61.0,286,36,71 of 173,sources/state-dese/district-expenditures-by-function.xlsx
2013,detail,OPMN,4450,Technology Maintenance,158,14407335,752509,15159843,0.0496,"per pupil, in-district FTE",0,7.0,25.0,54.8,307,,,sources/state-dese/district-expenditures-by-function.xlsx
2013,detail,PDEV,2351,Professional Development Leadership,153,11940890,4413047,16353937,0.2698,"per pupil, in-district FTE",0,5.0,19.0,51.0,311,,,sources/state-dese/district-expenditures-by-function.xlsx
2013,detail,PDEV,2353,Instructional Staff-Professional Days,217,59094018,2833055,61927073,0.0457,"per pupil, in-district FTE",0,38.0,83.0,122.0,373,,,sources/state-dese/district-expenditures-by-function.xlsx
2013,detail,PDEV,2355,Substitutes for Prof. Development,179,3508596,984615,4493214,0.2191,"per pupil, in-district FTE",0,2.0,7.0,12.0,114,1,144 of 179,sources/state-dese/district-expenditures-by-function.xlsx
2013,detail,PDEV,2357,"Prof. Dev. Stipends, Providers, Expenses",320,49242927,74320514,123563441,0.6015,"per pupil, in-district FTE",1,44.0,71.0,117.2,779,46,228 of 320,sources/state-dese/district-expenditures-by-function.xlsx
2013,detail,SERV,3100,Attendance and Parent Liaison Services,135,14886448,3474303,18360753,0.1892,"per pupil, in-district FTE",0,2.0,8.0,32.0,229,,,sources/state-dese/district-expenditures-by-function.xlsx
2013,detail,SERV,3200,Medical/Health Services,324,134488484,6529938,141018421,0.0463,"per pupil, in-district FTE",2,123.0,149.0,187.0,1191,103,289 of 324,sources/state-dese/district-expenditures-by-function.xlsx
2013,detail,SERV,3300,Transportation Services,324,432448261,31943951,464392210,0.0688,"per pupil, in-district FTE",0,327.8,458.0,665.2,2621,449,174 of 324,sources/state-dese/district-expenditures-by-function.xlsx
2013,detail,SERV,3400,Food Services,319,14856196,319276575,334132772,0.9555,"per pupil, in-district FTE",3,264.0,322.0,423.5,1083,256,253 of 319,sources/state-dese/district-expenditures-by-function.xlsx
2013,detail,SERV,3510,Athletics,271,96376909,38829758,135206667,0.2872,"per pupil, in-district FTE",0,122.5,171.0,247.0,711,190,114 of 271,sources/state-dese/district-expenditures-by-function.xlsx
2013,detail,SERV,3520,Other Student Activities,292,26354678,38426954,64781632,0.5932,"per pupil, in-district FTE",1,28.0,56.0,119.2,646,11,270 of 292,sources/state-dese/district-expenditures-by-function.xlsx
2013,detail,SERV,3600,School Security,161,28591267,726737,29318005,0.0248,"per pupil, in-district FTE",0,7.0,25.0,53.0,343,,,sources/state-dese/district-expenditures-by-function.xlsx
2013,detail,TCHR,2305,"Teachers, Classroom",324,4081334671,263502666,4344837333,0.0606,"per pupil, in-district FTE",2614,4163.8,4641.0,5442.5,10531,4139,249 of 324,sources/state-dese/district-expenditures-by-function.xlsx
2013,detail,TCHR,2310,"Teachers, Specialists",285,437981216,77377300,515358510,0.1501,"per pupil, in-district FTE",1,183.0,588.0,987.0,3231,600,142 of 285,sources/state-dese/district-expenditures-by-function.xlsx
2013,detail,TSER,2320,Medical/ Therapeutic Services,297,207879794,14300105,222179899,0.0644,"per pupil, in-district FTE",0,136.0,247.0,339.0,1299,253,146 of 297,sources/state-dese/district-expenditures-by-function.xlsx
2013,detail,TSER,2325,Substitute Teachers,323,111753163,1846416,113599579,0.0163,"per pupil, in-district FTE",0,80.0,105.0,143.5,429,121,125 of 323,sources/state-dese/district-expenditures-by-function.xlsx
2013,detail,TSER,2330,Paraprofessionals,324,449864083,142722569,592586652,0.2408,"per pupil, in-district FTE",83,470.8,612.0,809.0,2335,540,203 of 324,sources/state-dese/district-expenditures-by-function.xlsx
2013,detail,TSER,2340,Librarians/Media Center Directors,313,70101301,1537893,71639194,0.0215,"per pupil, in-district FTE",0,58.0,88.0,128.0,735,83,167 of 313,sources/state-dese/district-expenditures-by-function.xlsx
2013,detail,TUIT,9100,Tuition to Mass. Schools,266,76691522,14194034,90885553,0.1562,not published — DESE prints 0 per pupil against out-of-district rows,,,,,,,,sources/state-dese/district-expenditures-by-function.xlsx
2013,detail,TUIT,9110,Tuition for School Choice,288,77700283,0,77700283,0.0000,not published — DESE prints 0 per pupil against out-of-district rows,,,,,,,,sources/state-dese/district-expenditures-by-function.xlsx
2013,detail,TUIT,9120,Tuition to Commonwealth Charter Schools,244,350494962,0,350494962,0.0000,not published — DESE prints 0 per pupil against out-of-district rows,,,,,,,,sources/state-dese/district-expenditures-by-function.xlsx
2013,detail,TUIT,9125,Tuition to Horace Mann Charter Schools,4,11444371,608827,12053198,0.0505,not published — DESE prints 0 per pupil against out-of-district rows,,,,,,,,sources/state-dese/district-expenditures-by-function.xlsx
2013,detail,TUIT,9200,Tuition to Out-of-State Schools,93,16724298,4364150,21088449,0.2069,not published — DESE prints 0 per pupil against out-of-district rows,,,,,,,,sources/state-dese/district-expenditures-by-function.xlsx
2013,detail,TUIT,9300,Tuition to Non-Public Schools,266,322484351,185960709,508445062,0.3657,not published — DESE prints 0 per pupil against out-of-district rows,,,,,,,,sources/state-dese/district-expenditures-by-function.xlsx
2013,detail,TUIT,9400,Tuition to Collaboratives,248,137159959,36898337,174058295,0.2120,not published — DESE prints 0 per pupil against out-of-district rows,,,,,,,,sources/state-dese/district-expenditures-by-function.xlsx
2013,rollup,IIII,IIII,In-district Expenditure,324,11026225534,1382320587,12408546116,0.1114,"per pupil, in-district FTE",8597,11811.2,12926.0,15931.5,40985,11342,276 of 324,sources/state-dese/district-expenditures-by-function.xlsx
2013,rollup,OODD,OODD,Out-of-district Expenditure,316,1115372944,242026056,1357398999,0.1783,not published — DESE prints 0 per pupil against out-of-district rows,,,,,,,,sources/state-dese/district-expenditures-by-function.xlsx
2013,total,TTPP,TTPP,"Expenditure (Admin, Instruction, Operations)",324,12141598470,1624346647,13765945120,0.1180,"per pupil, in-district FTE",10111,12452.5,13463.0,16017.0,30948,12027,270 of 324,sources/state-dese/district-expenditures-by-function.xlsx
2014,category,ADMN,ADMN,Administration,324,443640739,15089116,458729854,0.0329,"per pupil, in-district FTE",211,412.8,515.5,689.2,3013,398,252 of 324,sources/state-dese/district-expenditures-by-function.xlsx
2014,category,BENE,BENE,"Insurance, Retirement Programs and Other",324,2163256474,69733701,2232990178,0.0312,"per pupil, in-district FTE",460,1899.0,2332.0,2811.2,11073,2112,209 of 324,sources/state-dese/district-expenditures-by-function.xlsx
2014,category,GUID,GUID,"Guidance, Counseling and Testing",324,369586223,16447609,386033832,0.0426,"per pupil, in-district FTE",104,341.8,421.0,536.0,1272,372,217 of 324,sources/state-dese/district-expenditures-by-function.xlsx
2014,category,LDRS,LDRS,Instructional Leadership,324,773787272,83947308,857734580,0.0979,"per pupil, in-district FTE",179,743.8,900.0,1111.5,2617,673,287 of 324,sources/state-dese/district-expenditures-by-function.xlsx
2014,category,MATL,MATL,"Instructional Materials, Equipment and Technology",324,269087232,126311113,395398346,0.3195,"per pupil, in-district FTE",36,243.0,356.0,522.0,2512,155,304 of 324,sources/state-dese/district-expenditures-by-function.xlsx
2014,category,ODTR,ODTR,Out-of-district Transportation,278,133217068,0,133217068,0.0000,not published — DESE prints 0 per pupil against out-of-district rows,,,,,,,,sources/state-dese/district-expenditures-by-function.xlsx
2014,category,OPMN,OPMN,Operations and Maintenance,324,973450094,37755368,1011205460,0.0373,"per pupil, in-district FTE",486,937.2,1124.0,1363.0,3605,918,255 of 324,sources/state-dese/district-expenditures-by-function.xlsx
2014,category,PDEV,PDEV,Professional Development,323,127982140,71099471,199081613,0.3571,"per pupil, in-district FTE",11,92.5,149.0,228.0,892,62,279 of 323,sources/state-dese/district-expenditures-by-function.xlsx
2014,category,SERV,SERV,Pupil Services,324,798905839,462966092,1261871923,0.3669,"per pupil, in-district FTE",302,1071.8,1251.0,1517.5,4104,1031,259 of 324,sources/state-dese/district-expenditures-by-function.xlsx
2014,category,TCHR,TCHR,Teachers,324,4653015101,339222035,4992237130,0.0679,"per pupil, in-district FTE",3579,4872.2,5388.5,6180.5,12708,4787,255 of 324,sources/state-dese/district-expenditures-by-function.xlsx
2014,category,TSER,TSER,Other Teaching Services,324,884733299,159346768,1044080067,0.1526,"per pupil, in-district FTE",244,864.8,1059.0,1397.2,4374,1014,175 of 324,sources/state-dese/district-expenditures-by-function.xlsx
2014,detail,ADMN,1110,School Committee,321,22785137,174406,22959543,0.0076,"per pupil, in-district FTE",0,6.0,11.0,28.0,1323,3,279 of 321,sources/state-dese/district-expenditures-by-function.xlsx
2014,detail,ADMN,1210,Superintendent,324,75696729,1267521,76964252,0.0165,"per pupil, in-district FTE",12,72.0,114.0,189.5,986,114,162 of 324,sources/state-dese/district-expenditures-by-function.xlsx
2014,detail,ADMN,1220,Assistant Superintendents,151,27288391,365034,27653425,0.0132,"per pupil, in-district FTE",0,29.5,42.0,57.0,246,,,sources/state-dese/district-expenditures-by-function.xlsx
2014,detail,ADMN,1230,Other District-Wide Administration,153,24022727,5173080,29195806,0.1772,"per pupil, in-district FTE",0,12.0,37.0,63.0,759,7,125 of 153,sources/state-dese/district-expenditures-by-function.xlsx
2014,detail,ADMN,1410,Business and Finance,321,154818203,4248217,159066420,0.0267,"per pupil, in-district FTE",4,133.0,180.0,252.0,1427,169,179 of 321,sources/state-dese/district-expenditures-by-function.xlsx
2014,detail,ADMN,1420,Human Resources and Benefits,225,32850286,465093,33315379,0.0140,"per pupil, in-district FTE",0,20.0,32.0,56.0,353,,,sources/state-dese/district-expenditures-by-function.xlsx
2014,detail,ADMN,1430,Legal Service for School Committee,312,19403996,387768,19791764,0.0196,"per pupil, in-district FTE",0,11.0,19.0,34.0,154,20,147 of 312,sources/state-dese/district-expenditures-by-function.xlsx
2014,detail,ADMN,1435,Legal Settlements,60,3849920,126768,3976688,0.0319,"per pupil, in-district FTE",0,3.0,11.5,23.5,108,,,sources/state-dese/district-expenditures-by-function.xlsx
2014,detail,ADMN,1450,District-wide Information Mgmt & Tech,289,82925344,2881228,85806573,0.0336,"per pupil, in-district FTE",0,37.0,88.0,154.0,563,86,148 of 289,sources/state-dese/district-expenditures-by-function.xlsx
2014,detail,BENE,5100,Employer Retirement Contributions,319,343921193,16243277,360164466,0.0451,"per pupil, in-district FTE",6,287.5,397.0,516.0,3260,156,310 of 319,sources/state-dese/district-expenditures-by-function.xlsx
2014,detail,BENE,5150,Employee Separation Costs,166,29368434,5554953,34923386,0.1591,"per pupil, in-district FTE",0,11.0,24.0,49.8,277,11,124 of 166,sources/state-dese/district-expenditures-by-function.xlsx
2014,detail,BENE,5200,Insurance for Active Employees,324,1290969898,45069267,1336039164,0.0337,"per pupil, in-district FTE",211,1135.2,1414.0,1732.2,4224,1295,191 of 324,sources/state-dese/district-expenditures-by-function.xlsx
2014,detail,BENE,5250,Insurance for Retired School Employees,310,403178404,716870,403895273,0.0018,"per pupil, in-district FTE",0,236.5,389.0,601.8,2682,598,79 of 310,sources/state-dese/district-expenditures-by-function.xlsx
2014,detail,BENE,5260,Other Non-Employee Insurance,302,51124361,50434,51174795,0.0010,"per pupil, in-district FTE",0,37.0,69.0,133.2,1476,53,179 of 302,sources/state-dese/district-expenditures-by-function.xlsx
2014,detail,BENE,5300,Rental Lease of Equipment,101,6044134,600010,6644146,0.0903,"per pupil, in-district FTE",0,3.0,23.0,33.0,850,,,sources/state-dese/district-expenditures-by-function.xlsx
2014,detail,BENE,5350,Rental Lease of Buildings,63,4685182,1050223,5735405,0.1831,"per pupil, in-district FTE",0,5.0,14.0,29.5,1146,,,sources/state-dese/district-expenditures-by-function.xlsx
2014,detail,BENE,5400,Short Term Interest RANs,8,221737,0,221737,0.0000,"per pupil, in-district FTE",0,0.8,2.5,8.0,17,,,sources/state-dese/district-expenditures-by-function.xlsx
2014,detail,BENE,5500,Other Fixed Charges,95,21029176,301567,21330743,0.0141,"per pupil, in-district FTE",0,2.0,8.0,23.5,410,,,sources/state-dese/district-expenditures-by-function.xlsx
2014,detail,BENE,5550,School Crossing Guards,136,12713961,147104,12861065,0.0114,"per pupil, in-district FTE",1,6.0,13.0,25.0,98,,,sources/state-dese/district-expenditures-by-function.xlsx
2014,detail,GUID,2710,Guidance incl Adjustment Counselors,311,257053132,8433817,265486949,0.0318,"per pupil, in-district FTE",30,218.0,302.0,409.0,1124,318,141 of 311,sources/state-dese/district-expenditures-by-function.xlsx
2014,detail,GUID,2720,Testing and Assessment,225,10806513,3580835,14387348,0.2489,"per pupil, in-district FTE",0,3.0,9.0,22.0,167,,,sources/state-dese/district-expenditures-by-function.xlsx
2014,detail,GUID,2800,Psychological Services,310,101726576,4432957,106159533,0.0418,"per pupil, in-district FTE",1,71.2,111.0,164.8,517,54,273 of 310,sources/state-dese/district-expenditures-by-function.xlsx
2014,detail,LDRS,2110,Curriculum Directors  (Supervisory),310,134831402,44298100,179129502,0.2473,"per pupil, in-district FTE",4,118.2,171.0,248.0,1073,193,132 of 310,sources/state-dese/district-expenditures-by-function.xlsx
2014,detail,LDRS,2120,Department Heads  (Non-Supervisory),128,17148060,3767595,20915655,0.1801,"per pupil, in-district FTE",0,10.0,36.0,80.0,344,,,sources/state-dese/district-expenditures-by-function.xlsx
2014,detail,LDRS,2210,School Leadership,323,475659841,12192666,487852507,0.0250,"per pupil, in-district FTE",55,464.0,526.0,618.0,2037,465,238 of 323,sources/state-dese/district-expenditures-by-function.xlsx
2014,detail,LDRS,2220,Curriculum/Dept Leaders (School Level),196,68293184,5899422,74192606,0.0795,"per pupil, in-district FTE",0,17.8,49.5,108.2,892,,,sources/state-dese/district-expenditures-by-function.xlsx
2014,detail,LDRS,2250,Admin. Technology (School Level),242,36742198,1685674,38427872,0.0439,"per pupil, in-district FTE",0,16.2,53.0,122.8,771,,,sources/state-dese/district-expenditures-by-function.xlsx
2014,detail,LDRS,2315,Instructional Coordinators (Non-Supervisory),224,41112592,16103851,57216443,0.2815,"per pupil, in-district FTE",0,13.0,51.0,115.5,596,15,164 of 224,sources/state-dese/district-expenditures-by-function.xlsx
2014,detail,MATL,2410,"Textbooks, Related Software/Media/Matls",318,49038046,15020842,64058888,0.2345,"per pupil, in-district FTE",0,30.0,50.0,82.0,871,4,314 of 318,sources/state-dese/district-expenditures-by-function.xlsx
2014,detail,MATL,2415,Other Instructional Matls (Libraries),313,38080497,15924117,54004614,0.2949,"per pupil, in-district FTE",0,10.0,24.0,80.0,1045,44,122 of 313,sources/state-dese/district-expenditures-by-function.xlsx
2014,detail,MATL,2420,Instructional Equipment,269,22798736,7732706,30531442,0.2533,"per pupil, in-district FTE",0,9.0,30.0,62.0,1199,17,168 of 269,sources/state-dese/district-expenditures-by-function.xlsx
2014,detail,MATL,2430,General Classroom Supplies,314,49488427,14002320,63490752,0.2205,"per pupil, in-district FTE",1,37.0,72.5,107.0,1219,23,277 of 314,sources/state-dese/district-expenditures-by-function.xlsx
2014,detail,MATL,2440,Other Instructional Services,299,48467477,59459782,107927259,0.5509,"per pupil, in-district FTE",0,14.0,40.0,107.5,1163,5,257 of 299,sources/state-dese/district-expenditures-by-function.xlsx
2014,detail,MATL,2451,Classroom Instructional Technology,282,45098487,9685081,54783568,0.1768,"per pupil, in-district FTE",0,16.2,51.0,105.0,563,62,114 of 282,sources/state-dese/district-expenditures-by-function.xlsx
2014,detail,MATL,2453,Other Instructional Hardware (Libraries),157,7849200,2665284,10514484,0.2535,"per pupil, in-district FTE",0,3.0,11.0,32.0,351,,,sources/state-dese/district-expenditures-by-function.xlsx
2014,detail,MATL,2455,Instructional Software,196,8266356,1820981,10087337,0.1805,"per pupil, in-district FTE",0,5.0,13.5,27.0,145,,,sources/state-dese/district-expenditures-by-function.xlsx
2014,detail,OPMN,4110,Custodial Services,321,336780802,12479412,349260219,0.0357,"per pupil, in-district FTE",3,339.0,401.0,489.0,1542,331,249 of 321,sources/state-dese/district-expenditures-by-function.xlsx
2014,detail,OPMN,4120,Heating of Buildings,313,111694614,2063672,113758282,0.0181,"per pupil, in-district FTE",1,107.0,145.0,207.0,1034,114,222 of 313,sources/state-dese/district-expenditures-by-function.xlsx
2014,detail,OPMN,4130,Utility Services,323,203177703,5015842,208193545,0.0241,"per pupil, in-district FTE",3,173.0,215.0,278.0,687,191,207 of 323,sources/state-dese/district-expenditures-by-function.xlsx
2014,detail,OPMN,4210,Maintenance of Grounds,298,48749689,1995935,50745625,0.0393,"per pupil, in-district FTE",0,20.0,47.0,92.0,812,47,149 of 298,sources/state-dese/district-expenditures-by-function.xlsx
2014,detail,OPMN,4220,Maintenance of Buildings,321,190094728,11669826,201764554,0.0578,"per pupil, in-district FTE",16,111.0,174.0,271.0,1246,79,281 of 321,sources/state-dese/district-expenditures-by-function.xlsx
2014,detail,OPMN,4225,Building Security System,136,3649186,252807,3901993,0.0648,"per pupil, in-district FTE",0,2.0,7.0,15.0,104,,,sources/state-dese/district-expenditures-by-function.xlsx
2014,detail,OPMN,4230,Maintenance of Equipment,284,24689011,1567314,26256326,0.0597,"per pupil, in-district FTE",0,12.0,28.0,58.2,941,13,210 of 284,sources/state-dese/district-expenditures-by-function.xlsx
2014,detail,OPMN,4300,Extraordinary Maintenance,115,21665203,1738861,23404065,0.0743,"per pupil, in-district FTE",0,10.0,43.0,90.0,569,118,24 of 115,sources/state-dese/district-expenditures-by-function.xlsx
2014,detail,OPMN,4400,Networking and Telecommunications,175,19023813,598744,19622560,0.0305,"per pupil, in-district FTE",0,13.0,32.0,66.0,349,23,103 of 175,sources/state-dese/district-expenditures-by-function.xlsx
2014,detail,OPMN,4450,Technology Maintenance,150,13925339,372957,14298295,0.0261,"per pupil, in-district FTE",0,7.2,27.5,53.8,235,2,130 of 150,sources/state-dese/district-expenditures-by-function.xlsx
2014,detail,PDEV,2351,Professional Development Leadership,159,10717084,3113380,13830464,0.2251,"per pupil, in-district FTE",0,5.0,15.0,40.5,271,,,sources/state-dese/district-expenditures-by-function.xlsx
2014,detail,PDEV,2353,Instructional Staff-Professional Days,217,64494937,1956262,66451199,0.0294,"per pupil, in-district FTE",0,47.0,90.0,128.0,449,,,sources/state-dese/district-expenditures-by-function.xlsx
2014,detail,PDEV,2355,Substitutes for Prof. Development,170,3460313,959999,4420311,0.2172,"per pupil, in-district FTE",0,3.0,7.0,13.0,114,,,sources/state-dese/district-expenditures-by-function.xlsx
2014,detail,PDEV,2357,"Prof. Dev. Stipends, Providers, Expenses",319,49309819,65069830,114379649,0.5689,"per pupil, in-district FTE",1,44.0,71.0,116.5,761,62,182 of 319,sources/state-dese/district-expenditures-by-function.xlsx
2014,detail,SERV,3100,Attendance and Parent Liaison Services,139,16256734,3899559,20156293,0.1935,"per pupil, in-district FTE",0,2.0,8.0,37.5,228,,,sources/state-dese/district-expenditures-by-function.xlsx
2014,detail,SERV,3200,Medical/Health Services,324,137254234,6920220,144174451,0.0480,"per pupil, in-district FTE",1,125.0,154.5,192.2,1287,108,280 of 324,sources/state-dese/district-expenditures-by-function.xlsx
2014,detail,SERV,3300,Transportation Services,322,469506878,33735658,503242535,0.0670,"per pupil, in-district FTE",0,358.0,499.5,682.8,2858,436,188 of 322,sources/state-dese/district-expenditures-by-function.xlsx
2014,detail,SERV,3400,Food Services,318,14366328,336482267,350848598,0.9591,"per pupil, in-district FTE",3,266.8,331.0,405.5,1081,280,219 of 318,sources/state-dese/district-expenditures-by-function.xlsx
2014,detail,SERV,3510,Athletics,270,101366132,39579542,140945677,0.2808,"per pupil, in-district FTE",1,131.0,183.0,264.2,930,198,114 of 270,sources/state-dese/district-expenditures-by-function.xlsx
2014,detail,SERV,3520,Other Student Activities,289,28488415,41610708,70099122,0.5936,"per pupil, in-district FTE",0,31.0,61.0,112.0,640,10,274 of 289,sources/state-dese/district-expenditures-by-function.xlsx
2014,detail,SERV,3600,School Security,169,31667118,738134,32405253,0.0228,"per pupil, in-district FTE",0,10.0,26.0,58.0,611,,,sources/state-dese/district-expenditures-by-function.xlsx
2014,detail,TCHR,2305,"Teachers, Classroom",324,4178567101,255910197,4434477292,0.0577,"per pupil, in-district FTE",3091,4226.0,4779.0,5602.0,12123,4000,274 of 324,sources/state-dese/district-expenditures-by-function.xlsx
2014,detail,TCHR,2310,"Teachers, Specialists",290,474448008,83311836,557759844,0.1494,"per pupil, in-district FTE",1,215.0,664.5,1086.2,3973,787,126 of 290,sources/state-dese/district-expenditures-by-function.xlsx
2014,detail,TSER,2320,Medical/ Therapeutic Services,293,222192572,13404389,235596961,0.0569,"per pupil, in-district FTE",1,154.0,261.0,355.0,1344,278,137 of 293,sources/state-dese/district-expenditures-by-function.xlsx
2014,detail,TSER,2325,Substitute Teachers,321,118907022,2672114,121579136,0.0220,"per pupil, in-district FTE",22,84.0,108.0,140.0,559,100,191 of 321,sources/state-dese/district-expenditures-by-function.xlsx
2014,detail,TSER,2330,Paraprofessionals,324,474102648,141875794,615978442,0.2303,"per pupil, in-district FTE",47,491.0,641.0,880.2,2655,553,211 of 324,sources/state-dese/district-expenditures-by-function.xlsx
2014,detail,TSER,2340,Librarians/Media Center Directors,312,69531056,1394471,70925527,0.0197,"per pupil, in-district FTE",7,57.0,89.0,136.0,688,83,166 of 312,sources/state-dese/district-expenditures-by-function.xlsx
2014,detail,TUIT,9100,Tuition to Mass. Schools,261,67401989,8516758,75918746,0.1122,not published — DESE prints 0 per pupil against out-of-district rows,,,,,,,,sources/state-dese/district-expenditures-by-function.xlsx
2014,detail,TUIT,9110,Tuition for School Choice,282,81702101,0,81702101,0.0000,not published — DESE prints 0 per pupil against out-of-district rows,,,,,,,,sources/state-dese/district-expenditures-by-function.xlsx
2014,detail,TUIT,9120,Tuition to Commonwealth Charter Schools,245,398492600,0,398492600,0.0000,not published — DESE prints 0 per pupil against out-of-district rows,,,,,,,,sources/state-dese/district-expenditures-by-function.xlsx
2014,detail,TUIT,9125,Tuition to Horace Mann Charter Schools,4,6622351,463188,7085539,0.0654,not published — DESE prints 0 per pupil against out-of-district rows,,,,,,,,sources/state-dese/district-expenditures-by-function.xlsx
2014,detail,TUIT,9200,Tuition to Out-of-State Schools,84,19017731,5755430,24773159,0.2323,not published — DESE prints 0 per pupil against out-of-district rows,,,,,,,,sources/state-dese/district-expenditures-by-function.xlsx
2014,detail,TUIT,9300,Tuition to Non-Public Schools,267,308362558,201879584,510242144,0.3957,not published — DESE prints 0 per pupil against out-of-district rows,,,,,,,,sources/state-dese/district-expenditures-by-function.xlsx
2014,detail,TUIT,9400,Tuition to Collaboratives,252,152585858,42184976,194770835,0.2166,not published — DESE prints 0 per pupil against out-of-district rows,,,,,,,,sources/state-dese/district-expenditures-by-function.xlsx
2014,rollup,IIII,IIII,In-district Expenditure,324,11457444385,1381918571,12839362961,0.1076,"per pupil, in-district FTE",8910,12289.8,13494.5,16319.5,39260,11521,288 of 324,sources/state-dese/district-expenditures-by-function.xlsx
2014,rollup,OODD,OODD,Out-of-district Expenditure,316,1167402265,258799938,1426202196,0.1815,not published — DESE prints 0 per pupil against out-of-district rows,,,,,,,,sources/state-dese/district-expenditures-by-function.xlsx
2014,total,TTPP,TTPP,"Expenditure (Admin, Instruction, Operations)",324,12624846645,1640718510,14265565158,0.1150,"per pupil, in-district FTE",10323,12978.5,13983.5,16539.2,30626,12384,277 of 324,sources/state-dese/district-expenditures-by-function.xlsx
2015,category,ADMN,ADMN,Administration,321,466126745,18724835,484851573,0.0386,"per pupil, in-district FTE",214,433.0,545.0,704.0,2821,417,252 of 321,sources/state-dese/district-expenditures-by-function.xlsx
2015,category,BENE,BENE,"Insurance, Retirement Programs and Other",321,2209639106,63778758,2273417868,0.0281,"per pupil, in-district FTE",519,1937.0,2432.0,2964.0,9700,1967,236 of 321,sources/state-dese/district-expenditures-by-function.xlsx
2015,category,GUID,GUID,"Guidance, Counseling and Testing",321,389029165,15786917,404816082,0.0390,"per pupil, in-district FTE",96,359.0,442.0,547.0,1213,378,222 of 321,sources/state-dese/district-expenditures-by-function.xlsx
2015,category,LDRS,LDRS,Instructional Leadership,321,810217787,81242557,891460344,0.0911,"per pupil, in-district FTE",180,766.0,937.0,1161.0,2936,651,292 of 321,sources/state-dese/district-expenditures-by-function.xlsx
2015,category,MATL,MATL,"Instructional Materials, Equipment and Technology",321,255633403,137638710,393272116,0.3500,"per pupil, in-district FTE",93,259.0,367.0,530.0,2982,100,318 of 321,sources/state-dese/district-expenditures-by-function.xlsx
2015,category,ODTR,ODTR,Out-of-district Transportation,270,134854264,0,134854264,0.0000,not published — DESE prints 0 per pupil against out-of-district rows,,,,,,,,sources/state-dese/district-expenditures-by-function.xlsx
2015,category,OPMN,OPMN,Operations and Maintenance,321,1001917128,38800838,1040717986,0.0373,"per pupil, in-district FTE",610,1001.0,1174.0,1413.0,3599,902,275 of 321,sources/state-dese/district-expenditures-by-function.xlsx
2015,category,PDEV,PDEV,Professional Development,321,141189351,39140623,180329975,0.2171,"per pupil, in-district FTE",14,94.0,155.0,232.0,1055,65,279 of 321,sources/state-dese/district-expenditures-by-function.xlsx
2015,category,SERV,SERV,Pupil Services,321,828536676,477054951,1305591624,0.3654,"per pupil, in-district FTE",567,1124.0,1324.0,1609.0,4162,1082,254 of 321,sources/state-dese/district-expenditures-by-function.xlsx
2015,category,TCHR,TCHR,Teachers,321,4803769362,328154056,5131923425,0.0639,"per pupil, in-district FTE",4039,5003.0,5548.0,6403.0,13493,4848,266 of 321,sources/state-dese/district-expenditures-by-function.xlsx
2015,category,TSER,TSER,Other Teaching Services,321,919092730,155869476,1074962206,0.1450,"per pupil, in-district FTE",222,904.0,1104.0,1435.0,4748,1114,156 of 321,sources/state-dese/district-expenditures-by-function.xlsx
2015,detail,ADMN,1110,School Committee,317,24959620,149653,25109271,0.0060,"per pupil, in-district FTE",0,6.0,11.0,34.0,320,113,22 of 317,sources/state-dese/district-expenditures-by-function.xlsx
2015,detail,ADMN,1210,Superintendent,321,76982336,1120680,78103013,0.0143,"per pupil, in-district FTE",13,75.0,116.0,188.0,794,117,157 of 321,sources/state-dese/district-expenditures-by-function.xlsx
2015,detail,ADMN,1220,Assistant Superintendents,148,29495373,168837,29664211,0.0057,"per pupil, in-district FTE",1,31.8,47.0,62.0,313,,,sources/state-dese/district-expenditures-by-function.xlsx
2015,detail,ADMN,1230,Other District-Wide Administration,151,23808381,6971397,30779778,0.2265,"per pupil, in-district FTE",0,12.5,38.0,64.5,553,7,125 of 151,sources/state-dese/district-expenditures-by-function.xlsx
2015,detail,ADMN,1410,Business and Finance,317,158741115,5384103,164125216,0.0328,"per pupil, in-district FTE",7,133.0,191.0,259.0,1519,36,313 of 317,sources/state-dese/district-expenditures-by-function.xlsx
2015,detail,ADMN,1420,Human Resources and Benefits,230,36093790,2619138,38712929,0.0677,"per pupil, in-district FTE",0,20.0,33.5,57.8,570,24,149 of 230,sources/state-dese/district-expenditures-by-function.xlsx
2015,detail,ADMN,1430,Legal Service for School Committee,304,18862428,213534,19075963,0.0112,"per pupil, in-district FTE",0,11.0,20.0,32.0,183,21,140 of 304,sources/state-dese/district-expenditures-by-function.xlsx
2015,detail,ADMN,1435,Legal Settlements,70,4944739,196558,5141297,0.0382,"per pupil, in-district FTE",0,6.0,12.0,29.5,169,,,sources/state-dese/district-expenditures-by-function.xlsx
2015,detail,ADMN,1450,District-wide Information Mgmt & Tech,286,92238977,1900932,94139903,0.0202,"per pupil, in-district FTE",0,45.0,91.5,172.8,608,100,134 of 286,sources/state-dese/district-expenditures-by-function.xlsx
2015,detail,BENE,5100,Employer Retirement Contributions,316,359889716,14627890,374517601,0.0391,"per pupil, in-district FTE",19,301.8,424.5,550.5,1757,182,300 of 316,sources/state-dese/district-expenditures-by-function.xlsx
2015,detail,BENE,5150,Employee Separation Costs,156,29993712,3850391,33844101,0.1138,"per pupil, in-district FTE",1,12.0,24.5,54.2,341,9,126 of 156,sources/state-dese/district-expenditures-by-function.xlsx
2015,detail,BENE,5200,Insurance for Active Employees,321,1311694555,41671692,1353366249,0.0308,"per pupil, in-district FTE",250,1149.0,1452.0,1837.0,5904,1262,211 of 321,sources/state-dese/district-expenditures-by-function.xlsx
2015,detail,BENE,5250,Insurance for Retired School Employees,313,405569483,1262754,406832237,0.0031,"per pupil, in-district FTE",7,237.0,394.0,578.0,2527,459,131 of 313,sources/state-dese/district-expenditures-by-function.xlsx
2015,detail,BENE,5260,Other Non-Employee Insurance,305,57527162,208299,57735461,0.0036,"per pupil, in-district FTE",0,42.0,75.0,132.0,928,55,188 of 305,sources/state-dese/district-expenditures-by-function.xlsx
2015,detail,BENE,5300,Rental Lease of Equipment,100,6588968,478112,7067080,0.0677,"per pupil, in-district FTE",0,4.0,24.0,34.0,771,,,sources/state-dese/district-expenditures-by-function.xlsx
2015,detail,BENE,5350,Rental Lease of Buildings,65,5146866,1157028,6303894,0.1835,"per pupil, in-district FTE",0,5.0,13.0,29.0,86,,,sources/state-dese/district-expenditures-by-function.xlsx
2015,detail,BENE,5400,Short Term Interest RANs,8,115924,4773,120697,0.0395,"per pupil, in-district FTE",1,1.8,4.0,8.8,16,,,sources/state-dese/district-expenditures-by-function.xlsx
2015,detail,BENE,5500,Other Fixed Charges,99,18966721,417658,19384379,0.0215,"per pupil, in-district FTE",0,2.0,7.0,19.0,1375,,,sources/state-dese/district-expenditures-by-function.xlsx
2015,detail,BENE,5550,School Crossing Guards,135,14146013,100163,14246176,0.0070,"per pupil, in-district FTE",1,7.0,14.0,26.0,86,,,sources/state-dese/district-expenditures-by-function.xlsx
2015,detail,GUID,2710,Guidance incl Adjustment Counselors,308,268103645,8157525,276261170,0.0295,"per pupil, in-district FTE",6,230.0,318.5,415.0,961,323,149 of 308,sources/state-dese/district-expenditures-by-function.xlsx
2015,detail,GUID,2720,Testing and Assessment,233,12409880,3716091,16125971,0.2304,"per pupil, in-district FTE",0,4.0,9.0,23.0,217,,,sources/state-dese/district-expenditures-by-function.xlsx
2015,detail,GUID,2800,Psychological Services,306,108515630,3913301,112428931,0.0348,"per pupil, in-district FTE",1,80.2,112.5,166.8,562,55,267 of 306,sources/state-dese/district-expenditures-by-function.xlsx
2015,detail,LDRS,2110,Curriculum Directors  (Supervisory),308,148388782,43601786,191990568,0.2271,"per pupil, in-district FTE",2,121.8,183.0,268.5,889,165,182 of 308,sources/state-dese/district-expenditures-by-function.xlsx
2015,detail,LDRS,2120,Department Heads  (Non-Supervisory),124,19035427,3391631,22427058,0.1512,"per pupil, in-district FTE",0,9.8,30.0,86.2,371,,,sources/state-dese/district-expenditures-by-function.xlsx
2015,detail,LDRS,2210,School Leadership,320,494080546,14188008,508268554,0.0279,"per pupil, in-district FTE",64,473.5,535.0,650.2,1951,471,242 of 320,sources/state-dese/district-expenditures-by-function.xlsx
2015,detail,LDRS,2220,Curriculum/Dept Leaders (School Level),203,68277764,5011103,73288867,0.0684,"per pupil, in-district FTE",0,14.0,48.0,108.5,919,,,sources/state-dese/district-expenditures-by-function.xlsx
2015,detail,LDRS,2250,Admin. Technology (School Level),233,37013720,1866539,38880259,0.0480,"per pupil, in-district FTE",0,19.0,57.0,121.0,614,,,sources/state-dese/district-expenditures-by-function.xlsx
2015,detail,LDRS,2315,Instructional Coordinators (Non-Supervisory),214,43421546,13183490,56605036,0.2329,"per pupil, in-district FTE",0,18.0,67.0,131.5,539,15,165 of 214,sources/state-dese/district-expenditures-by-function.xlsx
2015,detail,MATL,2410,"Textbooks, Related Software/Media/Matls",314,46215952,14657794,60873746,0.2408,"per pupil, in-district FTE",1,26.0,51.0,80.8,985,9,290 of 314,sources/state-dese/district-expenditures-by-function.xlsx
2015,detail,MATL,2415,Other Instructional Matls (Libraries),305,33140921,16612699,49753620,0.3339,"per pupil, in-district FTE",0,10.0,28.0,77.0,1447,35,134 of 305,sources/state-dese/district-expenditures-by-function.xlsx
2015,detail,MATL,2420,Instructional Equipment,275,22793663,8649283,31442946,0.2751,"per pupil, in-district FTE",0,10.5,31.0,61.0,1217,15,183 of 275,sources/state-dese/district-expenditures-by-function.xlsx
2015,detail,MATL,2430,General Classroom Supplies,312,47758145,13631302,61389443,0.2220,"per pupil, in-district FTE",1,38.8,72.0,105.0,1291,24,271 of 312,sources/state-dese/district-expenditures-by-function.xlsx
2015,detail,MATL,2440,Other Instructional Services,288,48310795,66501585,114812380,0.5792,"per pupil, in-district FTE",0,16.0,53.5,126.0,1204,12,227 of 288,sources/state-dese/district-expenditures-by-function.xlsx
2015,detail,MATL,2451,Classroom Instructional Technology,274,40161910,10926078,51087988,0.2139,"per pupil, in-district FTE",0,17.2,51.0,110.5,460,6,251 of 274,sources/state-dese/district-expenditures-by-function.xlsx
2015,detail,MATL,2453,Other Instructional Hardware (Libraries),162,7804793,5555129,13359922,0.4158,"per pupil, in-district FTE",0,2.0,10.5,37.8,328,,,sources/state-dese/district-expenditures-by-function.xlsx
2015,detail,MATL,2455,Instructional Software,205,9447237,1104840,10552077,0.1047,"per pupil, in-district FTE",0,5.0,15.0,30.0,122,,,sources/state-dese/district-expenditures-by-function.xlsx
2015,detail,OPMN,4110,Custodial Services,319,352228138,12315284,364543426,0.0338,"per pupil, in-district FTE",4,343.0,405.0,511.5,1654,375,202 of 319,sources/state-dese/district-expenditures-by-function.xlsx
2015,detail,OPMN,4120,Heating of Buildings,312,105506108,1467039,106973149,0.0137,"per pupil, in-district FTE",1,103.8,138.0,187.2,988,121,195 of 312,sources/state-dese/district-expenditures-by-function.xlsx
2015,detail,OPMN,4130,Utility Services,320,205712881,4471439,210184324,0.0213,"per pupil, in-district FTE",11,179.0,220.5,290.2,776,161,266 of 320,sources/state-dese/district-expenditures-by-function.xlsx
2015,detail,OPMN,4210,Maintenance of Grounds,300,60306515,2188565,62495078,0.0350,"per pupil, in-district FTE",0,24.0,58.0,107.0,741,48,174 of 300,sources/state-dese/district-expenditures-by-function.xlsx
2015,detail,OPMN,4220,Maintenance of Buildings,318,195791884,13716861,209508739,0.0655,"per pupil, in-district FTE",18,119.2,186.5,290.0,1356,84,282 of 318,sources/state-dese/district-expenditures-by-function.xlsx
2015,detail,OPMN,4225,Building Security System,142,4031465,168724,4200189,0.0402,"per pupil, in-district FTE",0,2.0,7.0,14.0,459,,,sources/state-dese/district-expenditures-by-function.xlsx
2015,detail,OPMN,4230,Maintenance of Equipment,287,22928944,1059011,23987954,0.0441,"per pupil, in-district FTE",-1,10.5,27.0,58.0,1179,18,183 of 287,sources/state-dese/district-expenditures-by-function.xlsx
2015,detail,OPMN,4300,Extraordinary Maintenance,122,19844882,1184622,21029505,0.0563,"per pupil, in-district FTE",1,20.0,48.0,88.8,785,80,34 of 122,sources/state-dese/district-expenditures-by-function.xlsx
2015,detail,OPMN,4400,Networking and Telecommunications,180,20200863,1536619,21737480,0.0707,"per pupil, in-district FTE",-2,13.0,32.0,65.5,436,15,131 of 180,sources/state-dese/district-expenditures-by-function.xlsx
2015,detail,OPMN,4450,Technology Maintenance,150,15365462,692677,16058139,0.0431,"per pupil, in-district FTE",0,10.0,32.0,57.0,187,,,sources/state-dese/district-expenditures-by-function.xlsx
2015,detail,PDEV,2351,Professional Development Leadership,150,12611640,3124549,15736189,0.1986,"per pupil, in-district FTE",0,4.0,17.0,42.0,312,,,sources/state-dese/district-expenditures-by-function.xlsx
2015,detail,PDEV,2353,Instructional Staff-Professional Days,217,66206727,1901342,68108069,0.0279,"per pupil, in-district FTE",0,48.0,90.0,130.0,465,,,sources/state-dese/district-expenditures-by-function.xlsx
2015,detail,PDEV,2355,Substitutes for Prof. Development,160,3346983,405776,3752758,0.1081,"per pupil, in-district FTE",0,2.0,6.0,12.2,100,,,sources/state-dese/district-expenditures-by-function.xlsx
2015,detail,PDEV,2357,"Prof. Dev. Stipends, Providers, Expenses",316,59024003,33708956,92732959,0.3635,"per pupil, in-district FTE",3,44.0,77.0,124.2,895,65,185 of 316,sources/state-dese/district-expenditures-by-function.xlsx
2015,detail,SERV,3100,Attendance and Parent Liaison Services,134,15938813,3318236,19257050,0.1723,"per pupil, in-district FTE",0,2.0,9.0,37.8,225,,,sources/state-dese/district-expenditures-by-function.xlsx
2015,detail,SERV,3200,Medical/Health Services,320,142866382,7159628,150026010,0.0477,"per pupil, in-district FTE",4,130.0,162.0,202.2,1119,120,266 of 320,sources/state-dese/district-expenditures-by-function.xlsx
2015,detail,SERV,3300,Transportation Services,321,487574336,36021086,523595422,0.0688,"per pupil, in-district FTE",0,377.0,516.0,713.0,2845,482,180 of 321,sources/state-dese/district-expenditures-by-function.xlsx
2015,detail,SERV,3400,Food Services,316,14731242,345284338,360015581,0.9591,"per pupil, in-district FTE",3,268.0,340.5,433.0,1178,256,257 of 316,sources/state-dese/district-expenditures-by-function.xlsx
2015,detail,SERV,3510,Athletics,269,103825691,39068533,142894218,0.2734,"per pupil, in-district FTE",0,136.0,185.0,265.0,780,217,100 of 269,sources/state-dese/district-expenditures-by-function.xlsx
2015,detail,SERV,3520,Other Student Activities,291,29747349,45575803,75323157,0.6051,"per pupil, in-district FTE",1,37.0,66.0,128.0,697,7,280 of 291,sources/state-dese/district-expenditures-by-function.xlsx
2015,detail,SERV,3600,School Security,182,33852878,627329,34480207,0.0182,"per pupil, in-district FTE",0,12.0,26.0,54.0,401,,,sources/state-dese/district-expenditures-by-function.xlsx
2015,detail,TCHR,2305,"Teachers, Classroom",321,4330211404,246081639,4576293040,0.0538,"per pupil, in-district FTE",2802,4417.0,4899.0,5829.0,12843,4000,286 of 321,sources/state-dese/district-expenditures-by-function.xlsx
2015,detail,TCHR,2310,"Teachers, Specialists",287,473557959,82072427,555630387,0.1477,"per pupil, in-district FTE",0,214.5,706.0,1128.5,3519,848,120 of 287,sources/state-dese/district-expenditures-by-function.xlsx
2015,detail,TSER,2320,Medical/ Therapeutic Services,287,231284805,14409165,245693970,0.0586,"per pupil, in-district FTE",2,175.0,279.0,380.0,1195,322,116 of 287,sources/state-dese/district-expenditures-by-function.xlsx
2015,detail,TSER,2325,Substitute Teachers,318,117224690,5331850,122556540,0.0435,"per pupil, in-district FTE",1,83.2,108.5,149.8,446,111,156 of 318,sources/state-dese/district-expenditures-by-function.xlsx
2015,detail,TSER,2330,Paraprofessionals,321,498843773,134738257,633582030,0.2127,"per pupil, in-district FTE",85,507.0,662.0,867.0,2905,590,197 of 321,sources/state-dese/district-expenditures-by-function.xlsx
2015,detail,TSER,2340,Librarians/Media Center Directors,310,71739463,1390204,73129667,0.0190,"per pupil, in-district FTE",0,58.2,91.5,142.5,725,91,156 of 310,sources/state-dese/district-expenditures-by-function.xlsx
2015,detail,TUIT,9100,Tuition to Mass. Schools,260,63728556,6619613,70348171,0.0941,not published — DESE prints 0 per pupil against out-of-district rows,,,,,,,,sources/state-dese/district-expenditures-by-function.xlsx
2015,detail,TUIT,9110,Tuition for School Choice,295,89003969,0,89003969,0.0000,not published — DESE prints 0 per pupil against out-of-district rows,,,,,,,,sources/state-dese/district-expenditures-by-function.xlsx
2015,detail,TUIT,9120,Tuition to Commonwealth Charter Schools,245,440704354,0,440704354,0.0000,not published — DESE prints 0 per pupil against out-of-district rows,,,,,,,,sources/state-dese/district-expenditures-by-function.xlsx
2015,detail,TUIT,9125,Tuition to Horace Mann Charter Schools,5,6663233,435824,7099057,0.0614,not published — DESE prints 0 per pupil against out-of-district rows,,,,,,,,sources/state-dese/district-expenditures-by-function.xlsx
2015,detail,TUIT,9200,Tuition to Out-of-State Schools,93,17673646,6206584,23880228,0.2599,not published — DESE prints 0 per pupil against out-of-district rows,,,,,,,,sources/state-dese/district-expenditures-by-function.xlsx
2015,detail,TUIT,9300,Tuition to Non-Public Schools,259,327041087,190790616,517831704,0.3684,not published — DESE prints 0 per pupil against out-of-district rows,,,,,,,,sources/state-dese/district-expenditures-by-function.xlsx
2015,detail,TUIT,9400,Tuition to Collaboratives,251,162457243,46315977,208773217,0.2218,not published — DESE prints 0 per pupil against out-of-district rows,,,,,,,,sources/state-dese/district-expenditures-by-function.xlsx
2015,rollup,IIII,IIII,In-district Expenditure,321,11825151447,1356191716,13181343163,0.1029,"per pupil, in-district FTE",9452,12789.0,13909.0,16952.0,38781,11525,301 of 321,sources/state-dese/district-expenditures-by-function.xlsx
2015,rollup,OODD,OODD,Out-of-district Expenditure,313,1242126355,250368608,1492494966,0.1678,not published — DESE prints 0 per pupil against out-of-district rows,,,,,,,,sources/state-dese/district-expenditures-by-function.xlsx
2015,total,TTPP,TTPP,"Expenditure (Admin, Instruction, Operations)",321,13067277795,1606560326,14673838128,0.1095,"per pupil, in-district FTE",10400,13353.0,14461.0,17095.0,30505,12424,295 of 321,sources/state-dese/district-expenditures-by-function.xlsx
2016,category,ADMN,ADMN,Administration,322,480772807,17416347,498189153,0.0350,"per pupil, in-district FTE",223,451.5,576.5,750.2,2876,478,219 of 322,sources/state-dese/district-expenditures-by-function.xlsx
2016,category,BENE,BENE,"Insurance, Retirement Programs and Other",322,2305463647,66590428,2372054091,0.0281,"per pupil, in-district FTE",590,2057.8,2517.0,3109.0,10140,2247,212 of 322,sources/state-dese/district-expenditures-by-function.xlsx
2016,category,GUID,GUID,"Guidance, Counseling and Testing",320,402151959,14892748,417044707,0.0357,"per pupil, in-district FTE",50,370.0,460.0,573.5,1293,358,250 of 320,sources/state-dese/district-expenditures-by-function.xlsx
2016,category,LDRS,LDRS,Instructional Leadership,322,844623555,76091003,920714558,0.0826,"per pupil, in-district FTE",207,787.2,956.5,1233.0,3484,763,262 of 322,sources/state-dese/district-expenditures-by-function.xlsx
2016,category,MATL,MATL,"Instructional Materials, Equipment and Technology",322,281283449,141635750,422919210,0.3349,"per pupil, in-district FTE",86,273.2,386.5,562.8,2691,132,317 of 322,sources/state-dese/district-expenditures-by-function.xlsx
2016,category,ODTR,ODTR,Out-of-district Transportation,278,142945630,0,142945630,0.0000,not published — DESE prints 0 per pupil against out-of-district rows,,,,,,,,sources/state-dese/district-expenditures-by-function.xlsx
2016,category,OPMN,OPMN,Operations and Maintenance,322,987403558,34734136,1022137693,0.0340,"per pupil, in-district FTE",244,958.2,1163.5,1391.8,3322,887,271 of 322,sources/state-dese/district-expenditures-by-function.xlsx
2016,category,PDEV,PDEV,Professional Development,322,143127507,43748643,186876150,0.2341,"per pupil, in-district FTE",11,100.2,161.5,245.8,971,66,281 of 322,sources/state-dese/district-expenditures-by-function.xlsx
2016,category,SERV,SERV,Pupil Services,322,858781254,499162108,1357943362,0.3676,"per pupil, in-district FTE",638,1161.2,1387.0,1721.8,4790,1107,264 of 322,sources/state-dese/district-expenditures-by-function.xlsx
2016,category,TCHR,TCHR,Teachers,322,4952287255,332279853,5284567110,0.0629,"per pupil, in-district FTE",4195,5176.5,5741.5,6608.5,12986,5087,250 of 322,sources/state-dese/district-expenditures-by-function.xlsx
2016,category,TSER,TSER,Other Teaching Services,322,967134210,156508429,1123642639,0.1393,"per pupil, in-district FTE",195,925.2,1161.5,1501.8,4942,1286,125 of 322,sources/state-dese/district-expenditures-by-function.xlsx
2016,detail,ADMN,1110,School Committee,319,22616092,287791,22903883,0.0126,"per pupil, in-district FTE",0,6.0,12.0,35.5,320,3,288 of 319,sources/state-dese/district-expenditures-by-function.xlsx
2016,detail,ADMN,1210,Superintendent,322,81434607,453553,81888160,0.0055,"per pupil, in-district FTE",13,78.0,123.0,188.8,848,129,152 of 322,sources/state-dese/district-expenditures-by-function.xlsx
2016,detail,ADMN,1220,Assistant Superintendents,153,29361606,197583,29559189,0.0067,"per pupil, in-district FTE",0,32.0,48.0,66.0,328,17,142 of 153,sources/state-dese/district-expenditures-by-function.xlsx
2016,detail,ADMN,1230,Other District-Wide Administration,154,24473168,8209896,32683063,0.2512,"per pupil, in-district FTE",0,10.2,35.0,58.8,599,12,112 of 154,sources/state-dese/district-expenditures-by-function.xlsx
2016,detail,ADMN,1410,Business and Finance,319,164245943,3768969,168014914,0.0224,"per pupil, in-district FTE",24,136.5,200.0,269.5,1676,143,229 of 319,sources/state-dese/district-expenditures-by-function.xlsx
2016,detail,ADMN,1420,Human Resources and Benefits,225,36814585,1535894,38350478,0.0400,"per pupil, in-district FTE",0,18.0,38.0,58.0,442,28,133 of 225,sources/state-dese/district-expenditures-by-function.xlsx
2016,detail,ADMN,1430,Legal Service for School Committee,312,20154343,216382,20370726,0.0106,"per pupil, in-district FTE",1,11.0,20.0,37.0,233,40,66 of 312,sources/state-dese/district-expenditures-by-function.xlsx
2016,detail,ADMN,1435,Legal Settlements,65,5246604,61011,5307615,0.0115,"per pupil, in-district FTE",0,4.0,13.0,25.0,109,,,sources/state-dese/district-expenditures-by-function.xlsx
2016,detail,ADMN,1450,District-wide Information Mgmt & Tech,291,96425879,2685266,99111145,0.0271,"per pupil, in-district FTE",0,50.0,105.0,177.5,599,108,137 of 291,sources/state-dese/district-expenditures-by-function.xlsx
2016,detail,BENE,5100,Employer Retirement Contributions,318,376489094,16047524,392536615,0.0409,"per pupil, in-district FTE",0,326.0,456.5,575.5,1701,226,291 of 318,sources/state-dese/district-expenditures-by-function.xlsx
2016,detail,BENE,5150,Employee Separation Costs,182,34186876,5945410,40132283,0.1481,"per pupil, in-district FTE",0,11.0,23.0,53.0,419,,,sources/state-dese/district-expenditures-by-function.xlsx
2016,detail,BENE,5200,Insurance for Active Employees,322,1363587020,39119411,1402706431,0.0279,"per pupil, in-district FTE",406,1211.0,1517.5,1873.0,5080,1437,183 of 322,sources/state-dese/district-expenditures-by-function.xlsx
2016,detail,BENE,5250,Insurance for Retired School Employees,315,424503113,1885307,426388420,0.0044,"per pupil, in-district FTE",11,253.5,404.0,594.5,2450,513,115 of 315,sources/state-dese/district-expenditures-by-function.xlsx
2016,detail,BENE,5260,Other Non-Employee Insurance,305,58880927,538316,59419243,0.0091,"per pupil, in-district FTE",0,43.0,77.0,134.0,909,71,163 of 305,sources/state-dese/district-expenditures-by-function.xlsx
2016,detail,BENE,5300,Rental Lease of Equipment,106,7322615,1634238,8956853,0.1825,"per pupil, in-district FTE",0,4.2,24.0,37.0,819,,,sources/state-dese/district-expenditures-by-function.xlsx
2016,detail,BENE,5350,Rental Lease of Buildings,71,5907126,1034945,6942071,0.1491,"per pupil, in-district FTE",0,6.0,17.0,32.0,267,,,sources/state-dese/district-expenditures-by-function.xlsx
2016,detail,BENE,5400,Short Term Interest RANs,6,199173,0,199173,0.0000,"per pupil, in-district FTE",3,4.2,8.0,8.8,20,,,sources/state-dese/district-expenditures-by-function.xlsx
2016,detail,BENE,5500,Other Fixed Charges,91,20508948,222865,20731810,0.0107,"per pupil, in-district FTE",0,2.0,9.0,21.5,971,,,sources/state-dese/district-expenditures-by-function.xlsx
2016,detail,BENE,5550,School Crossing Guards,141,13878773,162424,14041197,0.0116,"per pupil, in-district FTE",0,6.0,14.0,25.0,99,,,sources/state-dese/district-expenditures-by-function.xlsx
2016,detail,GUID,2710,Guidance incl Adjustment Counselors,307,267521960,6865005,274386965,0.0250,"per pupil, in-district FTE",0,238.0,321.0,429.0,1036,306,169 of 307,sources/state-dese/district-expenditures-by-function.xlsx
2016,detail,GUID,2720,Testing and Assessment,228,18887344,3936417,22823761,0.1725,"per pupil, in-district FTE",0,4.0,10.0,22.2,309,,,sources/state-dese/district-expenditures-by-function.xlsx
2016,detail,GUID,2800,Psychological Services,307,115742660,4091326,119833986,0.0341,"per pupil, in-district FTE",1,80.5,121.0,171.5,603,52,273 of 307,sources/state-dese/district-expenditures-by-function.xlsx
2016,detail,LDRS,2110,Curriculum Directors  (Supervisory),309,155174172,38885850,194060022,0.2004,"per pupil, in-district FTE",1,130.0,201.0,291.0,1214,262,105 of 309,sources/state-dese/district-expenditures-by-function.xlsx
2016,detail,LDRS,2120,Department Heads  (Non-Supervisory),118,21530118,3314917,24845035,0.1334,"per pupil, in-district FTE",0,15.2,41.5,94.8,572,,,sources/state-dese/district-expenditures-by-function.xlsx
2016,detail,LDRS,2210,School Leadership,320,512869872,15064943,527934815,0.0285,"per pupil, in-district FTE",1,486.8,556.0,684.5,2326,486,241 of 320,sources/state-dese/district-expenditures-by-function.xlsx
2016,detail,LDRS,2220,Curriculum/Dept Leaders (School Level),202,72804835,4659907,77464742,0.0602,"per pupil, in-district FTE",0,15.2,50.0,118.8,845,,,sources/state-dese/district-expenditures-by-function.xlsx
2016,detail,LDRS,2250,Admin. Technology (School Level),228,38112087,1643280,39755367,0.0413,"per pupil, in-district FTE",0,22.5,66.0,126.2,868,,,sources/state-dese/district-expenditures-by-function.xlsx
2016,detail,LDRS,2315,Instructional Coordinators (Non-Supervisory),210,44132469,12522106,56654575,0.2210,"per pupil, in-district FTE",0,18.0,66.5,147.8,639,16,159 of 210,sources/state-dese/district-expenditures-by-function.xlsx
2016,detail,MATL,2410,"Textbooks, Related Software/Media/Matls",310,51318121,14015637,65333758,0.2145,"per pupil, in-district FTE",0,30.0,50.0,84.8,1004,4,301 of 310,sources/state-dese/district-expenditures-by-function.xlsx
2016,detail,MATL,2415,Other Instructional Matls (Libraries),307,35049619,16947446,51997065,0.3259,"per pupil, in-district FTE",0,11.0,27.0,83.0,1159,58,103 of 307,sources/state-dese/district-expenditures-by-function.xlsx
2016,detail,MATL,2420,Instructional Equipment,276,24512407,13905117,38417524,0.3619,"per pupil, in-district FTE",0,12.0,34.5,61.2,1794,14,194 of 276,sources/state-dese/district-expenditures-by-function.xlsx
2016,detail,MATL,2430,General Classroom Supplies,316,54271592,14222567,68494163,0.2076,"per pupil, in-district FTE",0,45.0,81.5,117.2,918,21,288 of 316,sources/state-dese/district-expenditures-by-function.xlsx
2016,detail,MATL,2440,Other Instructional Services,298,54151979,67982491,122134470,0.5566,"per pupil, in-district FTE",0,19.2,55.5,125.8,967,13,239 of 298,sources/state-dese/district-expenditures-by-function.xlsx
2016,detail,MATL,2451,Classroom Instructional Technology,279,40058136,9647162,49705298,0.1941,"per pupil, in-district FTE",0,18.0,46.0,98.5,643,15,219 of 279,sources/state-dese/district-expenditures-by-function.xlsx
2016,detail,MATL,2453,Other Instructional Hardware (Libraries),150,9045415,3676312,12721727,0.2890,"per pupil, in-district FTE",0,2.0,15.0,47.0,389,7,93 of 150,sources/state-dese/district-expenditures-by-function.xlsx
2016,detail,MATL,2455,Instructional Software,220,12876202,1239018,14115221,0.0878,"per pupil, in-district FTE",0,6.0,17.5,37.0,149,,,sources/state-dese/district-expenditures-by-function.xlsx
2016,detail,OPMN,4110,Custodial Services,320,354555887,13253760,367809644,0.0360,"per pupil, in-district FTE",4,350.0,415.5,522.2,1718,395,187 of 320,sources/state-dese/district-expenditures-by-function.xlsx
2016,detail,OPMN,4120,Heating of Buildings,310,78356990,573262,78930250,0.0073,"per pupil, in-district FTE",3,74.0,96.0,131.5,828,99,143 of 310,sources/state-dese/district-expenditures-by-function.xlsx
2016,detail,OPMN,4130,Utility Services,319,203268379,3639931,206908309,0.0176,"per pupil, in-district FTE",11,186.0,226.0,282.5,738,186,239 of 319,sources/state-dese/district-expenditures-by-function.xlsx
2016,detail,OPMN,4210,Maintenance of Grounds,296,51244144,3145967,54390114,0.0578,"per pupil, in-district FTE",0,23.0,50.0,92.2,576,32,197 of 296,sources/state-dese/district-expenditures-by-function.xlsx
2016,detail,OPMN,4220,Maintenance of Buildings,320,213407205,9706795,223113998,0.0435,"per pupil, in-district FTE",3,134.5,203.5,303.0,1290,79,288 of 320,sources/state-dese/district-expenditures-by-function.xlsx
2016,detail,OPMN,4225,Building Security System,152,3357357,339344,3696701,0.0918,"per pupil, in-district FTE",0,2.8,6.0,16.0,110,,,sources/state-dese/district-expenditures-by-function.xlsx
2016,detail,OPMN,4230,Maintenance of Equipment,292,22373735,1218892,23592626,0.0517,"per pupil, in-district FTE",0,10.0,28.0,62.2,398,21,165 of 292,sources/state-dese/district-expenditures-by-function.xlsx
2016,detail,OPMN,4300,Extraordinary Maintenance,125,21436552,837771,22274323,0.0376,"per pupil, in-district FTE",0,13.0,35.0,79.0,836,59,46 of 125,sources/state-dese/district-expenditures-by-function.xlsx
2016,detail,OPMN,4400,Networking and Telecommunications,180,22911232,1630495,24541725,0.0664,"per pupil, in-district FTE",0,14.8,34.5,67.0,340,15,133 of 180,sources/state-dese/district-expenditures-by-function.xlsx
2016,detail,OPMN,4450,Technology Maintenance,146,16492085,387922,16880008,0.0230,"per pupil, in-district FTE",0,10.2,33.5,63.0,360,,,sources/state-dese/district-expenditures-by-function.xlsx
2016,detail,PDEV,2351,Professional Development Leadership,148,14887918,2333470,17221388,0.1355,"per pupil, in-district FTE",0,3.0,16.0,34.0,224,,,sources/state-dese/district-expenditures-by-function.xlsx
2016,detail,PDEV,2353,Instructional Staff-Professional Days,214,70069945,1781591,71851536,0.0248,"per pupil, in-district FTE",0,45.0,95.5,135.8,457,,,sources/state-dese/district-expenditures-by-function.xlsx
2016,detail,PDEV,2355,Substitutes for Prof. Development,151,2892296,441662,3333956,0.1325,"per pupil, in-district FTE",0,2.0,6.0,12.0,68,,,sources/state-dese/district-expenditures-by-function.xlsx
2016,detail,PDEV,2357,"Prof. Dev. Stipends, Providers, Expenses",319,55277357,39191920,94469277,0.4149,"per pupil, in-district FTE",1,46.0,84.0,129.0,804,66,191 of 319,sources/state-dese/district-expenditures-by-function.xlsx
2016,detail,SERV,3100,Attendance and Parent Liaison Services,127,15660635,2020355,17680991,0.1143,"per pupil, in-district FTE",0,3.5,12.0,33.5,224,,,sources/state-dese/district-expenditures-by-function.xlsx
2016,detail,SERV,3200,Medical/Health Services,322,148990745,7204640,156195381,0.0461,"per pupil, in-district FTE",4,136.0,168.0,213.8,1257,127,264 of 322,sources/state-dese/district-expenditures-by-function.xlsx
2016,detail,SERV,3300,Transportation Services,321,506124905,33906137,540031043,0.0628,"per pupil, in-district FTE",0,395.0,531.0,745.0,3408,488,187 of 321,sources/state-dese/district-expenditures-by-function.xlsx
2016,detail,SERV,3400,Food Services,317,13502178,356537086,370039257,0.9635,"per pupil, in-district FTE",9,282.0,351.0,447.0,1128,262,270 of 317,sources/state-dese/district-expenditures-by-function.xlsx
2016,detail,SERV,3510,Athletics,269,109092532,42842256,151934798,0.2820,"per pupil, in-district FTE",1,146.0,199.0,288.0,870,207,122 of 269,sources/state-dese/district-expenditures-by-function.xlsx
2016,detail,SERV,3520,Other Student Activities,293,30451028,55922878,86373894,0.6475,"per pupil, in-district FTE",1,37.0,75.0,133.0,702,24,250 of 293,sources/state-dese/district-expenditures-by-function.xlsx
2016,detail,SERV,3600,School Security,182,34959237,728761,35687998,0.0204,"per pupil, in-district FTE",0,12.0,29.0,61.8,279,,,sources/state-dese/district-expenditures-by-function.xlsx
2016,detail,TCHR,2305,"Teachers, Classroom",322,4453962785,254090408,4708053187,0.0540,"per pupil, in-district FTE",2783,4509.2,5050.5,6036.2,12727,4172,278 of 322,sources/state-dese/district-expenditures-by-function.xlsx
2016,detail,TCHR,2310,"Teachers, Specialists",283,498324472,78189456,576513929,0.1356,"per pupil, in-district FTE",1,231.5,690.0,1179.5,3813,915,115 of 283,sources/state-dese/district-expenditures-by-function.xlsx
2016,detail,TSER,2320,Medical/ Therapeutic Services,288,245901543,12723256,258624799,0.0492,"per pupil, in-district FTE",0,173.8,299.5,402.0,1427,374,88 of 288,sources/state-dese/district-expenditures-by-function.xlsx
2016,detail,TSER,2325,"Substitutes, Short-Term",320,119881064,4021155,123902219,0.0325,"per pupil, in-district FTE",19,85.0,113.5,151.2,551,148,90 of 320,sources/state-dese/district-expenditures-by-function.xlsx
2016,detail,TSER,2330,Paraprofessionals,322,529724637,138018460,667743097,0.2067,"per pupil, in-district FTE",85,528.0,692.5,900.2,2911,670,171 of 322,sources/state-dese/district-expenditures-by-function.xlsx
2016,detail,TSER,2340,Librarians/Media Center Directors,307,71626969,1745558,73372527,0.0238,"per pupil, in-district FTE",2,59.0,94.0,144.0,647,94,154 of 307,sources/state-dese/district-expenditures-by-function.xlsx
2016,detail,TUIT,9100,Tuition to Mass. Schools,258,64606920,6900178,71507098,0.0965,not published — DESE prints 0 per pupil against out-of-district rows,,,,,,,,sources/state-dese/district-expenditures-by-function.xlsx
2016,detail,TUIT,9110,Tuition for School Choice,304,94638727,0,94638727,0.0000,not published — DESE prints 0 per pupil against out-of-district rows,,,,,,,,sources/state-dese/district-expenditures-by-function.xlsx
2016,detail,TUIT,9120,Tuition to Commonwealth Charter Schools,247,486214150,0,486214150,0.0000,not published — DESE prints 0 per pupil against out-of-district rows,,,,,,,,sources/state-dese/district-expenditures-by-function.xlsx
2016,detail,TUIT,9125,Tuition to Horace Mann Charter Schools,3,9412173,315706,9727879,0.0325,not published — DESE prints 0 per pupil against out-of-district rows,,,,,,,,sources/state-dese/district-expenditures-by-function.xlsx
2016,detail,TUIT,9200,Tuition to Out-of-State Schools,90,19324720,6751745,26076463,0.2589,not published — DESE prints 0 per pupil against out-of-district rows,,,,,,,,sources/state-dese/district-expenditures-by-function.xlsx
2016,detail,TUIT,9300,Tuition to Non-Public Schools,262,338503870,205999843,544503718,0.3783,not published — DESE prints 0 per pupil against out-of-district rows,,,,,,,,sources/state-dese/district-expenditures-by-function.xlsx
2016,detail,TUIT,9400,Tuition to Collaboratives,252,173557682,50813399,224371086,0.2265,not published — DESE prints 0 per pupil against out-of-district rows,,,,,,,,sources/state-dese/district-expenditures-by-function.xlsx
2016,rollup,IIII,IIII,In-district Expenditure,322,12223029185,1383059441,13606088630,0.1017,"per pupil, in-district FTE",9971,13273.8,14474.0,17617.0,39505,12412,286 of 322,sources/state-dese/district-expenditures-by-function.xlsx
2016,rollup,OODD,OODD,Out-of-district Expenditure,315,1329203864,270780876,1599984740,0.1692,not published — DESE prints 0 per pupil against out-of-district rows,,,,,,,,sources/state-dese/district-expenditures-by-function.xlsx
2016,total,TTPP,TTPP,"Expenditure (Admin, Instruction, Operations)",322,13552233054,1653840329,15206073362,0.1088,"per pupil, in-district FTE",10971,13946.2,15018.5,17711.8,31008,12982,291 of 322,sources/state-dese/district-expenditures-by-function.xlsx
2017,category,ADMN,ADMN,Administration,322,484900787,14865778,499766564,0.0297,"per pupil, in-district FTE",270,449.2,574.0,772.2,3796,514,206 of 322,sources/state-dese/district-expenditures-by-function.xlsx
2017,category,BENE,BENE,"Insurance, Retirement Programs and Other",322,2411942800,63609631,2475552427,0.0257,"per pupil, in-district FTE",400,2212.0,2611.5,3265.0,10583,2511,184 of 322,sources/state-dese/district-expenditures-by-function.xlsx
2017,category,GUID,GUID,"Guidance, Counseling and Testing",320,418071750,15618584,433690334,0.0360,"per pupil, in-district FTE",34,383.2,487.5,610.0,1408,355,264 of 320,sources/state-dese/district-expenditures-by-function.xlsx
2017,category,LDRS,LDRS,Instructional Leadership,322,880590307,82321479,962911786,0.0855,"per pupil, in-district FTE",221,831.2,987.5,1261.0,3037,793,262 of 322,sources/state-dese/district-expenditures-by-function.xlsx
2017,category,MATL,MATL,"Instructional Materials, Equipment and Technology",322,272226249,144990835,417217075,0.3475,"per pupil, in-district FTE",81,269.2,372.0,608.5,2915,157,312 of 322,sources/state-dese/district-expenditures-by-function.xlsx
2017,category,ODTR,ODTR,Out-of-district Transportation,282,148018172,0,148018172,0.0000,not published — DESE prints 0 per pupil against out-of-district rows,,,,,,,,sources/state-dese/district-expenditures-by-function.xlsx
2017,category,OPMN,OPMN,Operations and Maintenance,322,1002171519,37220289,1039391812,0.0358,"per pupil, in-district FTE",631,971.0,1185.0,1420.8,3599,914,269 of 322,sources/state-dese/district-expenditures-by-function.xlsx
2017,category,PDEV,PDEV,Professional Development,322,138001320,40690131,178691453,0.2277,"per pupil, in-district FTE",9,90.0,149.5,230.8,784,113,215 of 322,sources/state-dese/district-expenditures-by-function.xlsx
2017,category,SERV,SERV,Pupil Services,322,900705746,525494985,1426200729,0.3685,"per pupil, in-district FTE",789,1213.8,1433.5,1775.2,4646,1123,275 of 322,sources/state-dese/district-expenditures-by-function.xlsx
2017,category,TCHR,TCHR,Teachers,322,5096368203,320546611,5416914813,0.0592,"per pupil, in-district FTE",4283,5271.8,5917.0,6783.8,13684,5185,255 of 322,sources/state-dese/district-expenditures-by-function.xlsx
2017,category,TSER,TSER,Other Teaching Services,322,986851711,150447074,1137298785,0.1323,"per pupil, in-district FTE",296,963.8,1221.5,1595.2,5293,1315,126 of 322,sources/state-dese/district-expenditures-by-function.xlsx
2017,detail,ADMN,1110,School Committee,320,24762249,1762251,26524500,0.0664,"per pupil, in-district FTE",0,6.0,13.0,31.2,2112,3,285 of 320,sources/state-dese/district-expenditures-by-function.xlsx
2017,detail,ADMN,1210,Superintendent,322,83033975,898676,83932651,0.0107,"per pupil, in-district FTE",13,78.2,126.0,204.5,699,126,160 of 322,sources/state-dese/district-expenditures-by-function.xlsx
2017,detail,ADMN,1220,Assistant Superintendents,152,31932796,257858,32190654,0.0080,"per pupil, in-district FTE",0,32.0,47.5,66.2,267,,,sources/state-dese/district-expenditures-by-function.xlsx
2017,detail,ADMN,1230,Other District-Wide Administration,154,26167765,5907795,32075556,0.1842,"per pupil, in-district FTE",0,11.0,32.0,66.0,1786,16,96 of 154,sources/state-dese/district-expenditures-by-function.xlsx
2017,detail,ADMN,1410,Business and Finance,319,161931977,2927677,164859656,0.0178,"per pupil, in-district FTE",14,143.5,205.0,277.0,1500,172,200 of 319,sources/state-dese/district-expenditures-by-function.xlsx
2017,detail,ADMN,1420,Human Resources and Benefits,224,37101348,836345,37937693,0.0220,"per pupil, in-district FTE",0,20.0,38.0,62.0,355,28,141 of 224,sources/state-dese/district-expenditures-by-function.xlsx
2017,detail,ADMN,1430,Legal Service for School Committee,315,19383795,344619,19728413,0.0175,"per pupil, in-district FTE",1,11.0,21.0,35.0,186,23,129 of 315,sources/state-dese/district-expenditures-by-function.xlsx
2017,detail,ADMN,1435,Legal Settlements,60,4682321,173338,4855659,0.0357,"per pupil, in-district FTE",0,3.0,8.5,23.2,219,,,sources/state-dese/district-expenditures-by-function.xlsx
2017,detail,ADMN,1450,District-wide Information Mgmt & Tech,297,95904562,1757222,97661782,0.0180,"per pupil, in-district FTE",0,46.0,99.0,181.0,773,148,99 of 297,sources/state-dese/district-expenditures-by-function.xlsx
2017,detail,BENE,5100,Employer Retirement Contributions,319,391612157,16206400,407818557,0.0397,"per pupil, in-district FTE",22,338.0,474.0,592.0,1846,196,305 of 319,sources/state-dese/district-expenditures-by-function.xlsx
2017,detail,BENE,5150,Employee Separation Costs,262,37986920,3774306,41761226,0.0904,"per pupil, in-district FTE",0,11.0,26.5,52.0,393,1,256 of 262,sources/state-dese/district-expenditures-by-function.xlsx
2017,detail,BENE,5200,Insurance for Active Employees,322,1429036361,38581491,1467617853,0.0263,"per pupil, in-district FTE",400,1288.2,1596.0,1973.8,8296,1722,130 of 322,sources/state-dese/district-expenditures-by-function.xlsx
2017,detail,BENE,5250,Insurance for Retired School Employees,315,444925853,1359620,446285473,0.0030,"per pupil, in-district FTE",0,267.0,415.0,618.0,2612,515,119 of 315,sources/state-dese/district-expenditures-by-function.xlsx
2017,detail,BENE,5260,Other Non-Employee Insurance,304,60197857,117665,60315522,0.0020,"per pupil, in-district FTE",0,47.0,78.0,142.0,797,77,159 of 304,sources/state-dese/district-expenditures-by-function.xlsx
2017,detail,BENE,5300,Rental Lease of Equipment,111,7345485,344636,7690121,0.0448,"per pupil, in-district FTE",0,3.0,23.0,40.0,883,,,sources/state-dese/district-expenditures-by-function.xlsx
2017,detail,BENE,5350,Rental Lease of Buildings,69,5720739,1350689,7071428,0.1910,"per pupil, in-district FTE",0,6.0,18.0,33.0,91,,,sources/state-dese/district-expenditures-by-function.xlsx
2017,detail,BENE,5400,Short Term Interest RANs,5,43657,1775,45432,0.0391,"per pupil, in-district FTE",3,4.0,6.0,14.0,75,,,sources/state-dese/district-expenditures-by-function.xlsx
2017,detail,BENE,5500,Other Fixed Charges,100,21023084,1742649,22765732,0.0765,"per pupil, in-district FTE",0,2.0,6.0,18.2,1054,,,sources/state-dese/district-expenditures-by-function.xlsx
2017,detail,BENE,5550,School Crossing Guards,139,14050686,130398,14181084,0.0092,"per pupil, in-district FTE",0,7.0,14.0,28.0,121,,,sources/state-dese/district-expenditures-by-function.xlsx
2017,detail,GUID,2710,Guidance incl Adjustment Counselors,305,286734623,7896281,294630904,0.0268,"per pupil, in-district FTE",19,258.0,355.0,446.0,1069,267,221 of 305,sources/state-dese/district-expenditures-by-function.xlsx
2017,detail,GUID,2720,Testing and Assessment,220,11838236,4011356,15849592,0.2531,"per pupil, in-district FTE",0,5.0,11.0,23.0,142,,,sources/state-dese/district-expenditures-by-function.xlsx
2017,detail,GUID,2800,Psychological Services,305,119498898,3710947,123209845,0.0301,"per pupil, in-district FTE",1,84.0,121.0,179.0,703,89,215 of 305,sources/state-dese/district-expenditures-by-function.xlsx
2017,detail,LDRS,2110,Curriculum Directors  (Supervisory),311,159909961,39581642,199491603,0.1984,"per pupil, in-district FTE",1,132.5,191.0,293.0,1248,270,97 of 311,sources/state-dese/district-expenditures-by-function.xlsx
2017,detail,LDRS,2120,Department Heads  (Non-Supervisory),125,22065565,4567203,26632768,0.1715,"per pupil, in-district FTE",0,7.0,28.0,92.0,821,,,sources/state-dese/district-expenditures-by-function.xlsx
2017,detail,LDRS,2210,School Leadership,320,522981620,13173398,536155018,0.0246,"per pupil, in-district FTE",14,505.0,569.5,694.2,2080,510,231 of 320,sources/state-dese/district-expenditures-by-function.xlsx
2017,detail,LDRS,2220,Curriculum/Dept Leaders (School Level),200,72317172,4787054,77104226,0.0621,"per pupil, in-district FTE",0,17.0,54.0,132.0,800,,,sources/state-dese/district-expenditures-by-function.xlsx
2017,detail,LDRS,2250,Admin. Technology (School Level),219,37950050,2216752,40166802,0.0552,"per pupil, in-district FTE",0,24.0,69.0,129.0,785,,,sources/state-dese/district-expenditures-by-function.xlsx
2017,detail,LDRS,2315,Instructional Coordinators (Non-Supervisory),211,65365938,17995430,83361368,0.2159,"per pupil, in-district FTE",0,19.0,61.0,155.0,501,14,169 of 211,sources/state-dese/district-expenditures-by-function.xlsx
2017,detail,MATL,2410,"Textbooks, Related Software/Media/Matls",314,47074241,13893950,60968191,0.2279,"per pupil, in-district FTE",0,23.2,48.0,85.5,872,0,313 of 314,sources/state-dese/district-expenditures-by-function.xlsx
2017,detail,MATL,2415,Other Instructional Matls (Libraries),309,32793080,18024608,50817688,0.3547,"per pupil, in-district FTE",0,10.0,31.0,85.0,1376,65,101 of 309,sources/state-dese/district-expenditures-by-function.xlsx
2017,detail,MATL,2420,Instructional Equipment,276,23625637,12973546,36599183,0.3545,"per pupil, in-district FTE",0,11.8,29.0,60.0,1873,29,137 of 276,sources/state-dese/district-expenditures-by-function.xlsx
2017,detail,MATL,2430,General Classroom Supplies,313,54704632,14855031,69559661,0.2136,"per pupil, in-district FTE",0,44.0,77.0,114.0,1060,26,272 of 313,sources/state-dese/district-expenditures-by-function.xlsx
2017,detail,MATL,2440,Other Instructional Services,298,49450993,69303285,118754278,0.5836,"per pupil, in-district FTE",0,16.2,56.5,137.0,849,3,272 of 298,sources/state-dese/district-expenditures-by-function.xlsx
2017,detail,MATL,2451,Classroom Instructional Technology,285,44703847,11690442,56394289,0.2073,"per pupil, in-district FTE",0,17.0,55.0,108.0,654,29,185 of 285,sources/state-dese/district-expenditures-by-function.xlsx
2017,detail,MATL,2453,Other Instructional Hardware (Libraries),142,7970772,2846576,10817348,0.2631,"per pupil, in-district FTE",0,2.0,8.5,43.8,283,1,113 of 142,sources/state-dese/district-expenditures-by-function.xlsx
2017,detail,MATL,2455,Instructional Software,220,11903054,1403397,13306451,0.1055,"per pupil, in-district FTE",0,6.8,16.0,38.0,248,3,183 of 220,sources/state-dese/district-expenditures-by-function.xlsx
2017,detail,OPMN,4110,Custodial Services,320,359708538,13721872,373430399,0.0367,"per pupil, in-district FTE",13,356.0,429.5,534.0,1437,450,131 of 320,sources/state-dese/district-expenditures-by-function.xlsx
2017,detail,OPMN,4120,Heating of Buildings,309,83346177,792442,84138620,0.0094,"per pupil, in-district FTE",3,80.0,102.0,138.0,759,53,292 of 309,sources/state-dese/district-expenditures-by-function.xlsx
2017,detail,OPMN,4130,Utility Services,319,208944820,2638946,211583763,0.0125,"per pupil, in-district FTE",15,184.5,229.0,289.0,978,196,212 of 319,sources/state-dese/district-expenditures-by-function.xlsx
2017,detail,OPMN,4210,Maintenance of Grounds,299,56282925,2083494,58366421,0.0357,"per pupil, in-district FTE",0,28.5,55.0,108.0,704,52,158 of 299,sources/state-dese/district-expenditures-by-function.xlsx
2017,detail,OPMN,4220,Maintenance of Buildings,321,204984522,12249308,217233824,0.0564,"per pupil, in-district FTE",2,131.0,206.0,308.0,1390,79,290 of 321,sources/state-dese/district-expenditures-by-function.xlsx
2017,detail,OPMN,4225,Building Security System,139,4246114,261697,4507811,0.0581,"per pupil, in-district FTE",0,2.0,7.0,17.5,115,,,sources/state-dese/district-expenditures-by-function.xlsx
2017,detail,OPMN,4230,Maintenance of Equipment,287,25366653,1172003,26538657,0.0442,"per pupil, in-district FTE",0,11.0,28.0,60.0,1423,16,193 of 287,sources/state-dese/district-expenditures-by-function.xlsx
2017,detail,OPMN,4300,Extraordinary Maintenance,114,20513984,1947597,22461581,0.0867,"per pupil, in-district FTE",0,11.2,35.0,95.8,861,44,54 of 114,sources/state-dese/district-expenditures-by-function.xlsx
2017,detail,OPMN,4400,Networking and Telecommunications,181,21721251,1847311,23568562,0.0784,"per pupil, in-district FTE",-44,17.0,36.0,81.0,395,19,125 of 181,sources/state-dese/district-expenditures-by-function.xlsx
2017,detail,OPMN,4450,Technology Maintenance,139,17056552,505626,17562177,0.0288,"per pupil, in-district FTE",0,14.0,36.0,66.5,630,5,120 of 139,sources/state-dese/district-expenditures-by-function.xlsx
2017,detail,PDEV,2351,Professional Development Leadership,155,13433563,1820563,15254126,0.1193,"per pupil, in-district FTE",0,4.0,15.0,34.0,235,,,sources/state-dese/district-expenditures-by-function.xlsx
2017,detail,PDEV,2353,Instructional Staff-Professional Days,196,64797309,1464904,66262213,0.0221,"per pupil, in-district FTE",1,35.8,91.0,130.2,460,,,sources/state-dese/district-expenditures-by-function.xlsx
2017,detail,PDEV,2355,Substitutes for Prof. Development,148,2678029,382933,3060961,0.1251,"per pupil, in-district FTE",0,2.8,7.0,13.0,54,,,sources/state-dese/district-expenditures-by-function.xlsx
2017,detail,PDEV,2357,"Prof. Dev. Stipends, Providers, Expenses",321,57092425,37021731,94114156,0.3934,"per pupil, in-district FTE",3,48.0,85.0,134.0,747,113,104 of 321,sources/state-dese/district-expenditures-by-function.xlsx
2017,detail,SERV,3100,Attendance and Parent Liaison Services,127,16586668,2679317,19265986,0.1391,"per pupil, in-district FTE",0,3.0,13.0,38.0,232,,,sources/state-dese/district-expenditures-by-function.xlsx
2017,detail,SERV,3200,Medical/Health Services,322,154566124,7643371,162209496,0.0471,"per pupil, in-district FTE",5,146.0,174.0,214.8,1259,129,272 of 322,sources/state-dese/district-expenditures-by-function.xlsx
2017,detail,SERV,3300,Transportation Services,321,533313018,37411046,570724070,0.0656,"per pupil, in-district FTE",0,416.0,559.0,775.0,3110,510,189 of 321,sources/state-dese/district-expenditures-by-function.xlsx
2017,detail,SERV,3400,Food Services,320,13714432,380986337,394700767,0.9653,"per pupil, in-district FTE",3,291.8,360.0,458.0,1682,244,297 of 320,sources/state-dese/district-expenditures-by-function.xlsx
2017,detail,SERV,3510,Athletics,268,112772618,43439578,156212205,0.2781,"per pupil, in-district FTE",10,147.8,207.5,304.2,803,221,114 of 268,sources/state-dese/district-expenditures-by-function.xlsx
2017,detail,SERV,3520,Other Student Activities,287,32389962,51348273,83738238,0.6132,"per pupil, in-district FTE",1,41.0,75.0,132.0,875,18,260 of 287,sources/state-dese/district-expenditures-by-function.xlsx
2017,detail,SERV,3600,School Security,176,37362926,1987053,39349980,0.0505,"per pupil, in-district FTE",0,14.8,32.0,71.2,423,,,sources/state-dese/district-expenditures-by-function.xlsx
2017,detail,TCHR,2305,"Teachers, Classroom",322,4583996779,238179269,4822176038,0.0494,"per pupil, in-district FTE",2974,4584.2,5164.5,6161.2,13141,4231,281 of 322,sources/state-dese/district-expenditures-by-function.xlsx
2017,detail,TCHR,2310,"Teachers, Specialists",285,512371431,82367346,594738772,0.1385,"per pupil, in-district FTE",1,213.0,716.0,1226.0,3400,954,112 of 285,sources/state-dese/district-expenditures-by-function.xlsx
2017,detail,TSER,2320,Medical/ Therapeutic Services,294,256638303,14829615,271467918,0.0546,"per pupil, in-district FTE",0,176.0,324.5,413.5,1355,382,98 of 294,sources/state-dese/district-expenditures-by-function.xlsx
2017,detail,TSER,2325,"Substitutes, Short-Term",320,118321834,4072115,122393949,0.0333,"per pupil, in-district FTE",35,84.0,116.5,151.0,447,151,78 of 320,sources/state-dese/district-expenditures-by-function.xlsx
2017,detail,TSER,2330,Paraprofessionals,322,539575115,130350436,669925551,0.1946,"per pupil, in-district FTE",49,556.5,729.0,936.5,3226,687,181 of 322,sources/state-dese/district-expenditures-by-function.xlsx
2017,detail,TSER,2340,Librarians/Media Center Directors,308,72316454,1194908,73511362,0.0163,"per pupil, in-district FTE",9,61.0,101.0,144.2,709,95,161 of 308,sources/state-dese/district-expenditures-by-function.xlsx
2017,detail,TUIT,9100,Tuition to Mass. Schools,262,61887924,10255895,72143819,0.1422,not published — DESE prints 0 per pupil against out-of-district rows,,,,,,,,sources/state-dese/district-expenditures-by-function.xlsx
2017,detail,TUIT,9110,Tuition for School Choice,305,99720440,0,99720440,0.0000,not published — DESE prints 0 per pupil against out-of-district rows,,,,,,,,sources/state-dese/district-expenditures-by-function.xlsx
2017,detail,TUIT,9120,Tuition to Commonwealth Charter Schools,244,528368704,0,528368704,0.0000,not published — DESE prints 0 per pupil against out-of-district rows,,,,,,,,sources/state-dese/district-expenditures-by-function.xlsx
2017,detail,TUIT,9125,Tuition to Horace Mann Charter Schools,5,34135613,199938,34335551,0.0058,not published — DESE prints 0 per pupil against out-of-district rows,,,,,,,,sources/state-dese/district-expenditures-by-function.xlsx
2017,detail,TUIT,9200,Tuition to Out-of-State Schools,88,19974645,6655178,26629825,0.2499,not published — DESE prints 0 per pupil against out-of-district rows,,,,,,,,sources/state-dese/district-expenditures-by-function.xlsx
2017,detail,TUIT,9300,Tuition to Non-Public Schools,269,353536072,225105532,578641609,0.3890,not published — DESE prints 0 per pupil against out-of-district rows,,,,,,,,sources/state-dese/district-expenditures-by-function.xlsx
2017,detail,TUIT,9400,Tuition to Collaboratives,254,171208302,63100884,234309190,0.2693,not published — DESE prints 0 per pupil against out-of-district rows,,,,,,,,sources/state-dese/district-expenditures-by-function.xlsx
2017,rollup,IIII,IIII,In-district Expenditure,322,12591830379,1395805392,13987635764,0.0998,"per pupil, in-district FTE",10677,13694.8,15062.0,18155.0,38061,12980,273 of 322,sources/state-dese/district-expenditures-by-function.xlsx
2017,rollup,OODD,OODD,Out-of-district Expenditure,315,1416849862,305317435,1722167299,0.1773,not published — DESE prints 0 per pupil against out-of-district rows,,,,,,,,sources/state-dese/district-expenditures-by-function.xlsx
2017,total,TTPP,TTPP,"Expenditure (Admin, Instruction, Operations)",322,14008680242,1701122824,15709803060,0.1083,"per pupil, in-district FTE",11339,14223.2,15581.0,18304.0,35609,13209,296 of 322,sources/state-dese/district-expenditures-by-function.xlsx
2018,category,ADMN,ADMN,Administration,322,494726456,16881854,511608304,0.0330,"per pupil, in-district FTE",255,475.2,593.0,784.0,3948,599,156 of 322,sources/state-dese/district-expenditures-by-function.xlsx
2018,category,BENE,BENE,"Insurance, Retirement Programs and Other",322,2506047042,66399824,2572446867,0.0258,"per pupil, in-district FTE",99,2312.8,2753.0,3361.8,11055,2756,158 of 322,sources/state-dese/district-expenditures-by-function.xlsx
2018,category,GUID,GUID,"Guidance, Counseling and Testing",321,440430318,18453493,458883811,0.0402,"per pupil, in-district FTE",55,412.0,515.0,635.0,1463,426,230 of 321,sources/state-dese/district-expenditures-by-function.xlsx
2018,category,LDRS,LDRS,Instructional Leadership,322,884800972,66271387,951072359,0.0697,"per pupil, in-district FTE",222,829.0,994.0,1236.2,3569,797,256 of 322,sources/state-dese/district-expenditures-by-function.xlsx
2018,category,MATL,MATL,"Instructional Materials, Equipment and Technology",322,286935011,156649381,443584397,0.3531,"per pupil, in-district FTE",72,284.2,377.5,577.2,2071,222,288 of 322,sources/state-dese/district-expenditures-by-function.xlsx
2018,category,ODTR,ODTR,Out-of-district Transportation,282,153328000,0,153328000,0.0000,not published — DESE prints 0 per pupil against out-of-district rows,,,,,,,,sources/state-dese/district-expenditures-by-function.xlsx
2018,category,OPMN,OPMN,Operations and Maintenance,321,1048350458,38310447,1086660901,0.0353,"per pupil, in-district FTE",641,1011.0,1250.0,1475.0,3516,994,242 of 321,sources/state-dese/district-expenditures-by-function.xlsx
2018,category,PDEV,PDEV,Professional Development,322,98823593,43520709,142344305,0.3057,"per pupil, in-district FTE",2,65.0,116.0,189.0,761,50,271 of 322,sources/state-dese/district-expenditures-by-function.xlsx
2018,category,SERV,SERV,Pupil Services,322,951272433,530211250,1481483679,0.3579,"per pupil, in-district FTE",639,1258.5,1481.0,1875.0,4313,1215,255 of 322,sources/state-dese/district-expenditures-by-function.xlsx
2018,category,TCHR,TCHR,Teachers,322,5309428155,320834054,5630262210,0.0570,"per pupil, in-district FTE",4437,5474.5,6131.5,7014.5,13928,5270,270 of 322,sources/state-dese/district-expenditures-by-function.xlsx
2018,category,TSER,TSER,Other Teaching Services,322,1057373392,146822179,1204195571,0.1219,"per pupil, in-district FTE",286,1051.5,1290.5,1660.8,5284,1355,141 of 322,sources/state-dese/district-expenditures-by-function.xlsx
2018,detail,ADMN,1110,School Committee,316,24074729,404002,24478731,0.0165,"per pupil, in-district FTE",1,7.0,14.0,36.0,354,3,284 of 316,sources/state-dese/district-expenditures-by-function.xlsx
2018,detail,ADMN,1210,Superintendent,322,82978377,502478,83480855,0.0060,"per pupil, in-district FTE",13,80.2,124.5,205.2,858,145,133 of 322,sources/state-dese/district-expenditures-by-function.xlsx
2018,detail,ADMN,1220,Assistant Superintendents,156,32403730,1697550,34101279,0.0498,"per pupil, in-district FTE",0,36.0,48.0,65.5,221,,,sources/state-dese/district-expenditures-by-function.xlsx
2018,detail,ADMN,1230,Other District-Wide Administration,153,26607889,8278070,34885956,0.2373,"per pupil, in-district FTE",0,11.0,41.0,70.0,1949,10,116 of 153,sources/state-dese/district-expenditures-by-function.xlsx
2018,detail,ADMN,1410,Business and Finance,319,167308060,2208322,169516381,0.0130,"per pupil, in-district FTE",21,147.5,211.0,283.5,1580,200,173 of 319,sources/state-dese/district-expenditures-by-function.xlsx
2018,detail,ADMN,1420,Human Resources and Benefits,237,39246823,921285,40168107,0.0229,"per pupil, in-district FTE",0,20.0,38.0,61.0,386,31,139 of 237,sources/state-dese/district-expenditures-by-function.xlsx
2018,detail,ADMN,1430,Legal Service for School Committee,310,19777001,321321,20098321,0.0160,"per pupil, in-district FTE",0,12.0,21.0,35.0,225,49,38 of 310,sources/state-dese/district-expenditures-by-function.xlsx
2018,detail,ADMN,1435,Legal Settlements,59,3737568,56392,3793960,0.0149,"per pupil, in-district FTE",0,3.5,8.0,17.5,96,,,sources/state-dese/district-expenditures-by-function.xlsx
2018,detail,ADMN,1450,Administrative Technology-Districtwide,299,98592291,2492436,101084725,0.0247,"per pupil, in-district FTE",1,47.0,104.0,191.5,527,161,95 of 299,sources/state-dese/district-expenditures-by-function.xlsx
2018,detail,BENE,5100,Employer Retirement Contributions,315,411852205,15746171,427598374,0.0368,"per pupil, in-district FTE",18,369.5,496.0,633.5,3674,235,296 of 315,sources/state-dese/district-expenditures-by-function.xlsx
2018,detail,BENE,5150,Employee Separation Costs,282,36204270,3962193,40166464,0.0986,"per pupil, in-district FTE",0,9.0,23.0,51.0,586,12,195 of 282,sources/state-dese/district-expenditures-by-function.xlsx
2018,detail,BENE,5200,Insurance for Active Employees,321,1491575218,42775640,1534350861,0.0279,"per pupil, in-district FTE",432,1331.0,1711.0,2153.0,5426,1855,132 of 321,sources/state-dese/district-expenditures-by-function.xlsx
2018,detail,BENE,5250,Insurance for Retired School Employees,315,454867147,1283093,456150239,0.0028,"per pupil, in-district FTE",17,292.5,444.0,639.5,2928,562,104 of 315,sources/state-dese/district-expenditures-by-function.xlsx
2018,detail,BENE,5260,Other Non-Employee Insurance,304,61831408,197795,62029204,0.0032,"per pupil, in-district FTE",0,45.0,78.5,140.2,814,92,134 of 304,sources/state-dese/district-expenditures-by-function.xlsx
2018,detail,BENE,5300,Rental Lease of Equipment,104,8430082,142100,8572183,0.0166,"per pupil, in-district FTE",0,5.8,26.0,42.2,914,,,sources/state-dese/district-expenditures-by-function.xlsx
2018,detail,BENE,5350,Rental Lease of Buildings,65,5818467,1866849,7685316,0.2429,"per pupil, in-district FTE",0,7.0,17.0,37.0,157,,,sources/state-dese/district-expenditures-by-function.xlsx
2018,detail,BENE,5400,Short Term Interest RANs,3,37000,0,37000,0.0000,"per pupil, in-district FTE",2,4.0,6.0,106.0,206,,,sources/state-dese/district-expenditures-by-function.xlsx
2018,detail,BENE,5500,Other Fixed Charges,103,20858422,303207,21161630,0.0143,"per pupil, in-district FTE",0,2.0,5.0,13.0,440,,,sources/state-dese/district-expenditures-by-function.xlsx
2018,detail,BENE,5550,School Crossing Guards,144,14572827,122779,14695606,0.0084,"per pupil, in-district FTE",1,7.0,15.5,29.0,125,,,sources/state-dese/district-expenditures-by-function.xlsx
2018,detail,GUID,2710,Guidance incl Adjustment Counselors,306,297972881,9966911,307939792,0.0324,"per pupil, in-district FTE",1,272.0,360.5,451.0,1112,335,177 of 306,sources/state-dese/district-expenditures-by-function.xlsx
2018,detail,GUID,2720,Testing and Assessment,222,13353749,4769280,18123029,0.2632,"per pupil, in-district FTE",0,5.0,12.0,26.0,313,,,sources/state-dese/district-expenditures-by-function.xlsx
2018,detail,GUID,2800,Psychological Services,309,129103692,3717302,132820994,0.0280,"per pupil, in-district FTE",0,88.0,132.0,192.0,914,91,228 of 309,sources/state-dese/district-expenditures-by-function.xlsx
2018,detail,LDRS,2110,Curriculum Directors and Dept. Heads (Supervisory),315,217718127,36341716,254059843,0.1430,"per pupil, in-district FTE",5,149.5,228.0,348.0,1426,227,159 of 315,sources/state-dese/district-expenditures-by-function.xlsx
2018,detail,LDRS,2120,Curriculum Directors and Dept. Heads (Non-Supervisory),230,90741029,10396548,101137577,0.1028,"per pupil, in-district FTE",0,30.5,82.0,175.8,689,,,sources/state-dese/district-expenditures-by-function.xlsx
2018,detail,LDRS,2210,School Leadership,320,534616064,17006645,551622709,0.0308,"per pupil, in-district FTE",33,518.0,590.5,721.2,2060,570,182 of 320,sources/state-dese/district-expenditures-by-function.xlsx
2018,detail,LDRS,2250,Administrative Technology and Support (Schools),231,41725744,2526478,44252222,0.0571,"per pupil, in-district FTE",0,19.0,72.0,145.0,671,,,sources/state-dese/district-expenditures-by-function.xlsx
2018,detail,MATL,2410,Textbooks,309,51785375,10381163,62166538,0.1670,"per pupil, in-district FTE",0,26.0,47.0,84.0,968,7,290 of 309,sources/state-dese/district-expenditures-by-function.xlsx
2018,detail,MATL,2415,Other Instructional Matls (Libraries),314,35996724,29587826,65584550,0.4511,"per pupil, in-district FTE",0,9.0,25.0,73.0,1498,146,34 of 314,sources/state-dese/district-expenditures-by-function.xlsx
2018,detail,MATL,2420,Instructional Equipment,278,25322025,12749437,38071462,0.3349,"per pupil, in-district FTE",0,12.2,32.0,62.0,1500,17,191 of 278,sources/state-dese/district-expenditures-by-function.xlsx
2018,detail,MATL,2430,General Classroom Supplies,317,52824947,16867205,69692148,0.2420,"per pupil, in-district FTE",0,40.0,80.0,113.0,1052,24,276 of 317,sources/state-dese/district-expenditures-by-function.xlsx
2018,detail,MATL,2440,Other Instructional Services,298,52459175,72841372,125300547,0.5813,"per pupil, in-district FTE",0,18.0,57.5,134.5,924,5,266 of 298,sources/state-dese/district-expenditures-by-function.xlsx
2018,detail,MATL,2451,Instructional Hardware - Student and Staff Devices (computers),284,46541500,9685850,56227350,0.1723,"per pupil, in-district FTE",0,17.0,55.5,102.5,554,20,200 of 284,sources/state-dese/district-expenditures-by-function.xlsx
2018,detail,MATL,2453,Instructional Hardware - All Other,147,8935170,3240617,12175787,0.2662,"per pupil, in-district FTE",0,2.0,10.0,38.0,603,2,105 of 147,sources/state-dese/district-expenditures-by-function.xlsx
2018,detail,MATL,2455,Instructional Software and Other Instructional Materials,231,13070099,1295911,14366010,0.0902,"per pupil, in-district FTE",0,6.0,18.0,41.0,183,0,221 of 231,sources/state-dese/district-expenditures-by-function.xlsx
2018,detail,OPMN,4110,Custodial Services,319,360340245,14477551,374817802,0.0386,"per pupil, in-district FTE",10,357.0,437.0,556.0,1649,481,114 of 319,sources/state-dese/district-expenditures-by-function.xlsx
2018,detail,OPMN,4120,Heating of Buildings,306,93120235,981266,94101498,0.0104,"per pupil, in-district FTE",7,91.0,118.0,152.0,813,58,293 of 306,sources/state-dese/district-expenditures-by-function.xlsx
2018,detail,OPMN,4130,Utility Services,318,208076137,3124500,211200638,0.0148,"per pupil, in-district FTE",3,182.2,236.0,304.8,927,146,289 of 318,sources/state-dese/district-expenditures-by-function.xlsx
2018,detail,OPMN,4210,Maintenance of Grounds,295,58586507,2396977,60983490,0.0393,"per pupil, in-district FTE",1,28.5,60.0,105.0,664,56,150 of 295,sources/state-dese/district-expenditures-by-function.xlsx
2018,detail,OPMN,4220,Maintenance of Buildings,320,231340672,13269964,244610632,0.0542,"per pupil, in-district FTE",3,145.5,221.5,322.0,1404,99,282 of 320,sources/state-dese/district-expenditures-by-function.xlsx
2018,detail,OPMN,4225,Building Security System,149,5439788,104749,5544538,0.0189,"per pupil, in-district FTE",0,3.0,8.0,17.0,361,,,sources/state-dese/district-expenditures-by-function.xlsx
2018,detail,OPMN,4230,Maintenance of Equipment,282,24325820,1153853,25479672,0.0453,"per pupil, in-district FTE",0,12.0,26.5,66.0,353,19,167 of 282,sources/state-dese/district-expenditures-by-function.xlsx
2018,detail,OPMN,4300,Extraordinary Maintenance,111,21748444,792797,22541241,0.0352,"per pupil, in-district FTE",0,14.0,50.0,103.5,1137,,,sources/state-dese/district-expenditures-by-function.xlsx
2018,detail,OPMN,4400,"Technology Infrastructure, Maintenance, and Support - Salaries",196,25793177,1251719,27044895,0.0463,"per pupil, in-district FTE",0,15.8,36.0,69.8,437,130,12 of 196,sources/state-dese/district-expenditures-by-function.xlsx
2018,detail,OPMN,4450,"Technology Infrastructure, Maintenance, and Support - All Other",142,19579449,757070,20336519,0.0372,"per pupil, in-district FTE",0,13.0,38.5,72.0,368,5,117 of 142,sources/state-dese/district-expenditures-by-function.xlsx
2018,detail,PDEV,2351,Professional Development Leadership,145,9556794,1052799,10609593,0.0992,"per pupil, in-district FTE",0,2.0,12.0,23.0,127,16,50 of 145,sources/state-dese/district-expenditures-by-function.xlsx
2018,detail,PDEV,2352,Instructional Coaches,137,33230669,12024998,45255667,0.2657,"per pupil, in-district FTE",0,12.0,28.0,99.0,537,25,75 of 137,sources/state-dese/district-expenditures-by-function.xlsx
2018,detail,PDEV,2354,Stipends for Teachers Providing Instructional Coaching,217,7813041,5101325,12914364,0.3950,"per pupil, in-district FTE",0,6.0,12.0,26.0,332,3,184 of 217,sources/state-dese/district-expenditures-by-function.xlsx
2018,detail,PDEV,2356,Costs for Instructional Staff to Attend Professional Development,305,34320451,11276445,45596896,0.2473,"per pupil, in-district FTE",0,17.0,41.0,73.0,574,2,295 of 305,sources/state-dese/district-expenditures-by-function.xlsx
2018,detail,PDEV,2358,Outside Professional Development Providers for Instructional Staff,273,13902654,14065142,27967796,0.5029,"per pupil, in-district FTE",0,12.0,27.0,48.0,379,5,241 of 273,sources/state-dese/district-expenditures-by-function.xlsx
2018,detail,SERV,3100,Attendance and Parent Liaison Services,128,17033698,2841048,19874747,0.1429,"per pupil, in-district FTE",0,2.0,14.0,41.2,258,,,sources/state-dese/district-expenditures-by-function.xlsx
2018,detail,SERV,3200,Medical/Health Services,322,163005701,6630383,169636082,0.0391,"per pupil, in-district FTE",6,153.0,180.0,227.5,1301,145,256 of 322,sources/state-dese/district-expenditures-by-function.xlsx
2018,detail,SERV,3300,Transportation Services,322,562627731,40775286,603403014,0.0676,"per pupil, in-district FTE",0,448.8,594.5,826.5,2929,548,189 of 322,sources/state-dese/district-expenditures-by-function.xlsx
2018,detail,SERV,3400,Food Services,317,14995762,381640730,396636492,0.9622,"per pupil, in-district FTE",1,291.0,358.0,464.0,1451,231,304 of 317,sources/state-dese/district-expenditures-by-function.xlsx
2018,detail,SERV,3510,Athletics,267,120064251,41514628,161578879,0.2569,"per pupil, in-district FTE",5,159.0,215.0,296.0,805,265,92 of 267,sources/state-dese/district-expenditures-by-function.xlsx
2018,detail,SERV,3520,Other Student Activities,292,33639122,54843609,88482716,0.6198,"per pupil, in-district FTE",0,40.0,80.0,148.5,828,27,251 of 292,sources/state-dese/district-expenditures-by-function.xlsx
2018,detail,SERV,3600,School Security,197,39906190,1965572,41871762,0.0469,"per pupil, in-district FTE",0,14.0,33.0,64.0,370,,,sources/state-dese/district-expenditures-by-function.xlsx
2018,detail,TCHR,2305,"Teachers, Classroom",322,5309428155,320834054,5630262210,0.0570,"per pupil, in-district FTE",4437,5474.5,6131.5,7014.5,13928,5270,270 of 322,sources/state-dese/district-expenditures-by-function.xlsx
2018,detail,TSER,2320,Medical/ Therapeutic Services,296,263930585,13100640,277031225,0.0473,"per pupil, in-district FTE",1,185.5,338.5,450.0,1460,376,121 of 296,sources/state-dese/district-expenditures-by-function.xlsx
2018,detail,TSER,2324,"Substitutes, Long-Term",199,35270433,289115,35559548,0.0081,"per pupil, in-district FTE",1,26.5,47.0,79.5,258,17,167 of 199,sources/state-dese/district-expenditures-by-function.xlsx
2018,detail,TSER,2325,"Substitutes, Short-Term",317,98929135,6111086,105040221,0.0582,"per pupil, in-district FTE",1,70.0,96.0,135.0,408,136,75 of 317,sources/state-dese/district-expenditures-by-function.xlsx
2018,detail,TSER,2330,Paraprofessionals,321,585976308,125423471,711399779,0.1763,"per pupil, in-district FTE",52,586.0,742.0,980.0,3189,728,169 of 321,sources/state-dese/district-expenditures-by-function.xlsx
2018,detail,TSER,2340,Librarians/Media Center Directors,310,73266936,1897867,75164803,0.0252,"per pupil, in-district FTE",1,60.2,95.5,149.8,651,98,150 of 310,sources/state-dese/district-expenditures-by-function.xlsx
2018,detail,TUIT,9100,Tuition to Mass. Schools,266,59678361,5933739,65612101,0.0904,not published — DESE prints 0 per pupil against out-of-district rows,,,,,,,,sources/state-dese/district-expenditures-by-function.xlsx
2018,detail,TUIT,9110,Tuition for School Choice,305,103400931,0,103400931,0.0000,not published — DESE prints 0 per pupil against out-of-district rows,,,,,,,,sources/state-dese/district-expenditures-by-function.xlsx
2018,detail,TUIT,9120,Tuition to Commonwealth Charter Schools,252,583716760,0,583716760,0.0000,not published — DESE prints 0 per pupil against out-of-district rows,,,,,,,,sources/state-dese/district-expenditures-by-function.xlsx
2018,detail,TUIT,9125,Tuition to Horace Mann Charter Schools,4,36397707,284079,36681786,0.0077,not published — DESE prints 0 per pupil against out-of-district rows,,,,,,,,sources/state-dese/district-expenditures-by-function.xlsx
2018,detail,TUIT,9200,Tuition to Out-of-State Schools,85,20613260,6177506,26790766,0.2306,not published — DESE prints 0 per pupil against out-of-district rows,,,,,,,,sources/state-dese/district-expenditures-by-function.xlsx
2018,detail,TUIT,9300,Tuition to Non-Public Schools,267,349316473,237699804,587016274,0.4049,not published — DESE prints 0 per pupil against out-of-district rows,,,,,,,,sources/state-dese/district-expenditures-by-function.xlsx
2018,detail,TUIT,9400,Tuition to Collaboratives,257,182686812,64849276,247536085,0.2620,not published — DESE prints 0 per pupil against out-of-district rows,,,,,,,,sources/state-dese/district-expenditures-by-function.xlsx
2018,rollup,IIII,IIII,In-district Expenditure,322,13078187824,1404354564,14482542384,0.0970,"per pupil, in-district FTE",11071,14038.8,15725.0,18595.0,43597,13684,260 of 322,sources/state-dese/district-expenditures-by-function.xlsx
2018,rollup,OODD,OODD,Out-of-district Expenditure,315,1489138280,314944400,1804082678,0.1746,not published — DESE prints 0 per pupil against out-of-district rows,,,,,,,,sources/state-dese/district-expenditures-by-function.xlsx
2018,total,TTPP,TTPP,"Expenditure (Admin, Instruction, Operations)",322,14567326092,1719298959,16286625061,0.1056,"per pupil, in-district FTE",11523,14626.5,16269.5,18750.0,34953,13828,286 of 322,sources/state-dese/district-expenditures-by-function.xlsx
2019,category,ADMN,ADMN,Administration,320,467337308,18316949,485654262,0.0377,"per pupil, in-district FTE",248,444.2,555.0,733.2,3896,571,150 of 320,sources/state-dese/district-expenditures-by-function.xlsx
2019,category,BENE,BENE,"Insurance, Retirement Programs and Other",320,2571852465,66652708,2638505168,0.0253,"per pupil, in-district FTE",754,2382.5,2838.5,3521.8,18663,2843,159 of 320,sources/state-dese/district-expenditures-by-function.xlsx
2019,category,GUID,GUID,"Guidance, Counseling and Testing",318,465496420,18842068,484338488,0.0389,"per pupil, in-district FTE",73,437.0,541.0,667.8,1521,456,226 of 318,sources/state-dese/district-expenditures-by-function.xlsx
2019,category,LDRS,LDRS,Instructional Leadership,320,917662245,70958391,988620636,0.0718,"per pupil, in-district FTE",229,848.8,1027.5,1331.5,3291,751,284 of 320,sources/state-dese/district-expenditures-by-function.xlsx
2019,category,MATL,MATL,"Instructional Materials, Equipment and Technology",320,277058971,157318131,434377106,0.3622,"per pupil, in-district FTE",97,290.8,388.0,622.2,2431,147,313 of 320,sources/state-dese/district-expenditures-by-function.xlsx
2019,category,ODTR,ODTR,Out-of-district Transportation,279,157879083,0,157879083,0.0000,not published — DESE prints 0 per pupil against out-of-district rows,,,,,,,,sources/state-dese/district-expenditures-by-function.xlsx
2019,category,OPMN,OPMN,Operations and Maintenance,319,1122578443,42431921,1165010357,0.0364,"per pupil, in-district FTE",36,1108.0,1345.0,1647.5,5512,967,286 of 319,sources/state-dese/district-expenditures-by-function.xlsx
2019,category,PDEV,PDEV,Professional Development,319,101226834,44728143,145954978,0.3065,"per pupil, in-district FTE",5,70.5,125.0,195.0,798,76,230 of 319,sources/state-dese/district-expenditures-by-function.xlsx
2019,category,SERV,SERV,Pupil Services,320,1002442472,557376799,1559819270,0.3573,"per pupil, in-district FTE",920,1356.5,1591.0,1942.0,4447,1212,276 of 320,sources/state-dese/district-expenditures-by-function.xlsx
2019,category,TCHR,TCHR,Teachers,320,5470947411,332227247,5803174652,0.0572,"per pupil, in-district FTE",3696,5653.0,6322.0,7385.2,15279,5205,293 of 320,sources/state-dese/district-expenditures-by-function.xlsx
2019,category,TSER,TSER,Other Teaching Services,320,1112689099,151710923,1264400022,0.1200,"per pupil, in-district FTE",215,1092.8,1360.0,1731.0,6421,1322,177 of 320,sources/state-dese/district-expenditures-by-function.xlsx
2019,detail,ADMN,1110,School Committee,316,24372621,311558,24684179,0.0126,"per pupil, in-district FTE",0,6.0,15.0,34.2,345,3,282 of 316,sources/state-dese/district-expenditures-by-function.xlsx
2019,detail,ADMN,1210,Superintendent,319,85238108,1564735,86802843,0.0180,"per pupil, in-district FTE",14,85.0,129.0,207.0,823,127,163 of 319,sources/state-dese/district-expenditures-by-function.xlsx
2019,detail,ADMN,1220,Assistant Superintendents,160,34691641,578317,35269956,0.0164,"per pupil, in-district FTE",0,35.0,52.0,73.2,216,,,sources/state-dese/district-expenditures-by-function.xlsx
2019,detail,ADMN,1230,Other District-Wide Administration,170,36749365,10002736,46752098,0.2140,"per pupil, in-district FTE",0,12.2,37.5,74.0,2136,15,122 of 170,sources/state-dese/district-expenditures-by-function.xlsx
2019,detail,ADMN,1410,Business and Finance,317,171235049,2184180,173419229,0.0126,"per pupil, in-district FTE",23,154.0,222.0,301.0,1666,199,179 of 317,sources/state-dese/district-expenditures-by-function.xlsx
2019,detail,ADMN,1420,Human Resources and Benefits,236,41510310,658672,42168983,0.0156,"per pupil, in-district FTE",0,23.5,40.5,64.5,361,32,147 of 236,sources/state-dese/district-expenditures-by-function.xlsx
2019,detail,ADMN,1430,Legal Service for School Committee,305,21380786,114099,21494884,0.0053,"per pupil, in-district FTE",0,13.0,23.0,38.0,185,30,119 of 305,sources/state-dese/district-expenditures-by-function.xlsx
2019,detail,ADMN,1435,Legal Settlements,60,5110858,33394,5144252,0.0065,"per pupil, in-district FTE",0,6.0,11.0,23.2,153,,,sources/state-dese/district-expenditures-by-function.xlsx
2019,detail,ADMN,1450,Administrative Technology-Districtwide,274,47048575,2869261,49917836,0.0575,"per pupil, in-district FTE",0,26.2,47.0,87.5,510,164,24 of 274,sources/state-dese/district-expenditures-by-function.xlsx
2019,detail,BENE,5100,Employer Retirement Contributions,316,439637986,15804130,455442119,0.0347,"per pupil, in-district FTE",26,394.8,535.0,666.0,4080,254,298 of 316,sources/state-dese/district-expenditures-by-function.xlsx
2019,detail,BENE,5150,Employee Separation Costs,260,37730218,4377749,42107969,0.1040,"per pupil, in-district FTE",0,10.0,25.0,48.0,315,27,121 of 260,sources/state-dese/district-expenditures-by-function.xlsx
2019,detail,BENE,5200,Insurance for Active Employees,320,1517912202,43995724,1561907925,0.0282,"per pupil, in-district FTE",471,1350.8,1730.0,2188.0,9301,1868,130 of 320,sources/state-dese/district-expenditures-by-function.xlsx
2019,detail,BENE,5250,Insurance for Retired School Employees,312,462945262,707607,463652869,0.0015,"per pupil, in-district FTE",18,306.5,454.0,646.5,5155,602,89 of 312,sources/state-dese/district-expenditures-by-function.xlsx
2019,detail,BENE,5260,Other Non-Employee Insurance,306,63754002,122635,63876636,0.0019,"per pupil, in-district FTE",0,46.0,82.0,145.0,1742,92,135 of 306,sources/state-dese/district-expenditures-by-function.xlsx
2019,detail,BENE,5300,Rental Lease of Equipment,96,8223205,194265,8417469,0.0231,"per pupil, in-district FTE",0,12.8,28.0,44.2,932,,,sources/state-dese/district-expenditures-by-function.xlsx
2019,detail,BENE,5350,Rental Lease of Buildings,69,6460152,1176067,7636218,0.1540,"per pupil, in-district FTE",0,7.0,15.0,35.0,97,,,sources/state-dese/district-expenditures-by-function.xlsx
2019,detail,BENE,5400,Short Term Interest RANs,5,34916,2000,36916,0.0542,"per pupil, in-district FTE",2,2.0,8.0,29.0,39,,,sources/state-dese/district-expenditures-by-function.xlsx
2019,detail,BENE,5500,Other Fixed Charges,93,19047111,147747,19194858,0.0077,"per pupil, in-district FTE",0,3.0,7.0,18.0,475,,,sources/state-dese/district-expenditures-by-function.xlsx
2019,detail,BENE,5550,School Crossing Guards,142,16107411,124781,16232193,0.0077,"per pupil, in-district FTE",0,8.2,15.0,31.0,120,,,sources/state-dese/district-expenditures-by-function.xlsx
2019,detail,GUID,2710,Guidance incl Adjustment Counselors,302,314444137,11412536,325856673,0.0350,"per pupil, in-district FTE",1,280.0,381.5,479.0,1072,356,176 of 302,sources/state-dese/district-expenditures-by-function.xlsx
2019,detail,GUID,2720,Testing and Assessment,235,15596219,3768660,19364879,0.1946,"per pupil, in-district FTE",0,4.0,9.0,24.5,439,1,214 of 235,sources/state-dese/district-expenditures-by-function.xlsx
2019,detail,GUID,2800,Psychological Services,307,135456069,3660872,139116941,0.0263,"per pupil, in-district FTE",2,93.0,136.0,212.5,1048,99,221 of 307,sources/state-dese/district-expenditures-by-function.xlsx
2019,detail,LDRS,2110,Curriculum Directors and Dept. Heads (Supervisory),313,227830253,38304865,266135118,0.1439,"per pupil, in-district FTE",3,155.0,246.0,364.0,1458,216,188 of 313,sources/state-dese/district-expenditures-by-function.xlsx
2019,detail,LDRS,2120,Curriculum Directors and Dept. Heads (Non-Supervisory),228,87262936,10026544,97289480,0.1031,"per pupil, in-district FTE",0,21.8,82.5,174.5,823,2,218 of 228,sources/state-dese/district-expenditures-by-function.xlsx
2019,detail,LDRS,2130,Instructional Technology Leadership and Training,175,45129348,3046945,48176293,0.0632,"per pupil, in-district FTE",0,30.0,70.0,142.0,743,,,sources/state-dese/district-expenditures-by-function.xlsx
2019,detail,LDRS,2210,School Leadership,318,544899719,17173302,562073021,0.0306,"per pupil, in-district FTE",65,537.0,608.0,721.2,2275,532,241 of 318,sources/state-dese/district-expenditures-by-function.xlsx
2019,detail,LDRS,2250,Administrative Technology and Support (Schools),180,12539979,2406735,14946714,0.1610,"per pupil, in-district FTE",0,4.0,21.0,55.2,520,,,sources/state-dese/district-expenditures-by-function.xlsx
2019,detail,MATL,2410,Textbooks,311,37439413,8320439,45759853,0.1818,"per pupil, in-district FTE",0,24.0,45.0,78.5,1201,3,302 of 311,sources/state-dese/district-expenditures-by-function.xlsx
2019,detail,MATL,2415,Other Instructional Matls (Libraries),307,32142766,25395492,57538258,0.4414,"per pupil, in-district FTE",0,10.0,26.0,79.0,1098,67,93 of 307,sources/state-dese/district-expenditures-by-function.xlsx
2019,detail,MATL,2420,Instructional Equipment,277,22561674,13109834,35671508,0.3675,"per pupil, in-district FTE",0,11.0,30.0,54.0,1160,18,176 of 277,sources/state-dese/district-expenditures-by-function.xlsx
2019,detail,MATL,2430,General Classroom Supplies,316,55299948,16868623,72168574,0.2337,"per pupil, in-district FTE",0,47.0,81.5,122.0,1050,23,282 of 316,sources/state-dese/district-expenditures-by-function.xlsx
2019,detail,MATL,2440,Other Instructional Services,294,53927972,75869978,129797950,0.5845,"per pupil, in-district FTE",0,18.2,60.5,134.0,963,11,242 of 294,sources/state-dese/district-expenditures-by-function.xlsx
2019,detail,MATL,2451,Instructional Hardware - Student and Staff Devices (computers),289,46052184,11088864,57141048,0.1941,"per pupil, in-district FTE",0,22.0,61.0,105.0,344,24,212 of 289,sources/state-dese/district-expenditures-by-function.xlsx
2019,detail,MATL,2453,Instructional Hardware - All Other,195,14617488,1987765,16605253,0.1197,"per pupil, in-district FTE",0,5.0,16.0,47.5,364,1,167 of 195,sources/state-dese/district-expenditures-by-function.xlsx
2019,detail,MATL,2455,Instructional Software and Other Instructional Materials,268,15017537,4677134,19694671,0.2375,"per pupil, in-district FTE",0,8.0,21.0,42.0,398,1,243 of 268,sources/state-dese/district-expenditures-by-function.xlsx
2019,detail,OPMN,4110,Custodial Services,316,372478142,14303154,386781290,0.0370,"per pupil, in-district FTE",16,371.0,451.0,552.0,1468,479,136 of 316,sources/state-dese/district-expenditures-by-function.xlsx
2019,detail,OPMN,4120,Heating of Buildings,304,89380995,1299727,90680721,0.0143,"per pupil, in-district FTE",3,93.0,122.0,163.0,807,64,286 of 304,sources/state-dese/district-expenditures-by-function.xlsx
2019,detail,OPMN,4130,Utility Services,317,210564868,4272044,214836912,0.0199,"per pupil, in-district FTE",3,185.0,238.0,308.0,1203,138,289 of 317,sources/state-dese/district-expenditures-by-function.xlsx
2019,detail,OPMN,4210,Maintenance of Grounds,291,61438849,1865454,63304306,0.0295,"per pupil, in-district FTE",1,29.0,58.0,111.0,805,46,176 of 291,sources/state-dese/district-expenditures-by-function.xlsx
2019,detail,OPMN,4220,Maintenance of Buildings,318,234771639,14615146,249386782,0.0586,"per pupil, in-district FTE",3,152.2,233.0,352.2,1418,171,228 of 318,sources/state-dese/district-expenditures-by-function.xlsx
2019,detail,OPMN,4225,Building Security System,155,5302561,435715,5738277,0.0759,"per pupil, in-district FTE",0,3.0,9.0,25.0,170,,,sources/state-dese/district-expenditures-by-function.xlsx
2019,detail,OPMN,4230,Maintenance of Equipment,279,23689116,1307950,24997064,0.0523,"per pupil, in-district FTE",0,12.0,27.0,68.5,652,19,167 of 279,sources/state-dese/district-expenditures-by-function.xlsx
2019,detail,OPMN,4300,Extraordinary Maintenance,108,24855648,1155165,26010812,0.0444,"per pupil, in-district FTE",1,15.0,42.0,127.2,3963,35,59 of 108,sources/state-dese/district-expenditures-by-function.xlsx
2019,detail,OPMN,4400,"Technology Infrastructure, Maintenance, and Support - Salaries",235,65481478,1078729,66560209,0.0162,"per pupil, in-district FTE",0,73.5,114.0,152.0,399,,,sources/state-dese/district-expenditures-by-function.xlsx
2019,detail,OPMN,4450,"Technology Infrastructure, Maintenance, and Support - All Other",239,34615157,2098837,36713994,0.0572,"per pupil, in-district FTE",0,21.0,39.0,76.0,313,15,194 of 239,sources/state-dese/district-expenditures-by-function.xlsx
2019,detail,PDEV,2351,Professional Development Leadership,160,9329882,2222130,11552012,0.1924,"per pupil, in-district FTE",0,3.8,14.0,32.2,139,8,102 of 160,sources/state-dese/district-expenditures-by-function.xlsx
2019,detail,PDEV,2352,Instructional Coaches,137,35116732,11984657,47101389,0.2544,"per pupil, in-district FTE",0,7.0,46.0,112.0,562,21,79 of 137,sources/state-dese/district-expenditures-by-function.xlsx
2019,detail,PDEV,2354,Stipends for Teachers Providing Instructional Coaching,207,7152828,4123914,11276741,0.3657,"per pupil, in-district FTE",0,5.0,13.0,27.0,212,,,sources/state-dese/district-expenditures-by-function.xlsx
2019,detail,PDEV,2356,Costs for Instructional Staff to Attend Professional Development,305,35283418,11393445,46676863,0.2441,"per pupil, in-district FTE",0,19.0,40.0,79.0,365,37,164 of 305,sources/state-dese/district-expenditures-by-function.xlsx
2019,detail,PDEV,2358,Outside Professional Development Providers for Instructional Staff,269,14343974,15003997,29347971,0.5112,"per pupil, in-district FTE",0,14.0,31.0,56.0,274,10,223 of 269,sources/state-dese/district-expenditures-by-function.xlsx
2019,detail,SERV,3100,Attendance and Parent Liaison Services,127,18242125,3247892,21490016,0.1511,"per pupil, in-district FTE",0,4.0,16.0,48.5,256,,,sources/state-dese/district-expenditures-by-function.xlsx
2019,detail,SERV,3200,Medical/Health Services,320,168413698,7143140,175556835,0.0407,"per pupil, in-district FTE",9,156.0,187.0,232.5,1009,150,252 of 320,sources/state-dese/district-expenditures-by-function.xlsx
2019,detail,SERV,3300,Transportation Services,319,593775620,44983207,638758822,0.0704,"per pupil, in-district FTE",0,458.0,650.0,877.5,3229,532,208 of 319,sources/state-dese/district-expenditures-by-function.xlsx
2019,detail,SERV,3400,Food Services,317,17460279,395472823,412933105,0.9577,"per pupil, in-district FTE",3,309.0,373.0,478.0,1133,237,308 of 317,sources/state-dese/district-expenditures-by-function.xlsx
2019,detail,SERV,3510,Athletics,269,125517728,42933081,168450811,0.2549,"per pupil, in-district FTE",5,160.0,228.0,316.0,833,276,93 of 269,sources/state-dese/district-expenditures-by-function.xlsx
2019,detail,SERV,3520,Other Student Activities,293,36037815,62193304,98231120,0.6331,"per pupil, in-district FTE",1,42.0,80.0,166.0,854,17,277 of 293,sources/state-dese/district-expenditures-by-function.xlsx
2019,detail,SERV,3600,School Security,202,42995231,1403347,44398574,0.0316,"per pupil, in-district FTE",-5,16.2,36.5,77.0,356,,,sources/state-dese/district-expenditures-by-function.xlsx
2019,detail,TCHR,2305,"Teachers, Classroom",320,5470947411,332227247,5803174652,0.0572,"per pupil, in-district FTE",3696,5653.0,6322.0,7385.2,15279,5205,293 of 320,sources/state-dese/district-expenditures-by-function.xlsx
2019,detail,TSER,2320,Medical/ Therapeutic Services,301,293809667,11715622,305525289,0.0383,"per pupil, in-district FTE",2,193.0,357.0,471.0,1656,377,137 of 301,sources/state-dese/district-expenditures-by-function.xlsx
2019,detail,TSER,2324,"Substitutes, Long-Term",220,39210611,475021,39685632,0.0120,"per pupil, in-district FTE",0,26.0,50.0,81.0,449,4,212 of 220,sources/state-dese/district-expenditures-by-function.xlsx
2019,detail,TSER,2325,"Substitutes, Short-Term",318,94848941,5593115,100442056,0.0557,"per pupil, in-district FTE",0,71.0,93.5,133.0,398,103,141 of 318,sources/state-dese/district-expenditures-by-function.xlsx
2019,detail,TSER,2330,Paraprofessionals,319,605691962,129135073,734827035,0.1757,"per pupil, in-district FTE",55,599.5,785.0,1025.0,6084,738,178 of 319,sources/state-dese/district-expenditures-by-function.xlsx
2019,detail,TSER,2340,Librarians/Media Center Directors,305,72386778,1577148,73963926,0.0213,"per pupil, in-district FTE",2,58.0,100.0,154.0,671,100,151 of 305,sources/state-dese/district-expenditures-by-function.xlsx
2019,detail,TSER,2345,Distance Learning and Online Coursework,61,6741171,3214944,9956115,0.3229,"per pupil, in-district FTE",0,3.0,5.0,10.0,931,,,sources/state-dese/district-expenditures-by-function.xlsx
2019,detail,TUIT,9100,Tuition to Mass. Schools,260,60997621,9242431,70240051,0.1316,not published — DESE prints 0 per pupil against out-of-district rows,,,,,,,,sources/state-dese/district-expenditures-by-function.xlsx
2019,detail,TUIT,9110,Tuition for School Choice,304,113114464,0,113114464,0.0000,not published — DESE prints 0 per pupil against out-of-district rows,,,,,,,,sources/state-dese/district-expenditures-by-function.xlsx
2019,detail,TUIT,9120,Tuition to Commonwealth Charter Schools,255,632049649,0,632049649,0.0000,not published — DESE prints 0 per pupil against out-of-district rows,,,,,,,,sources/state-dese/district-expenditures-by-function.xlsx
2019,detail,TUIT,9125,Tuition to Horace Mann Charter Schools,3,33204235,0,33204235,0.0000,not published — DESE prints 0 per pupil against out-of-district rows,,,,,,,,sources/state-dese/district-expenditures-by-function.xlsx
2019,detail,TUIT,9200,Tuition to Out-of-State Schools,89,19165940,4304705,23470645,0.1834,not published — DESE prints 0 per pupil against out-of-district rows,,,,,,,,sources/state-dese/district-expenditures-by-function.xlsx
2019,detail,TUIT,9300,Tuition to Non-Public Schools,270,363038903,255250420,618289322,0.4128,not published — DESE prints 0 per pupil against out-of-district rows,,,,,,,,sources/state-dese/district-expenditures-by-function.xlsx
2019,detail,TUIT,9400,Tuition to Collaboratives,253,186182764,65416515,251599278,0.2600,not published — DESE prints 0 per pupil against out-of-district rows,,,,,,,,sources/state-dese/district-expenditures-by-function.xlsx
2019,rollup,IIII,IIII,In-district Expenditure,320,13509291671,1460563274,14969854944,0.0976,"per pupil, in-district FTE",11129,14587.8,16436.5,19156.5,44861,13548,290 of 320,sources/state-dese/district-expenditures-by-function.xlsx
2019,rollup,OODD,OODD,Out-of-district Expenditure,312,1565632660,334214063,1899846720,0.1759,not published — DESE prints 0 per pupil against out-of-district rows,,,,,,,,sources/state-dese/district-expenditures-by-function.xlsx
2019,total,TTPP,TTPP,"Expenditure (Admin, Instruction, Operations)",320,15074924329,1794777332,16869701662,0.1064,"per pupil, in-district FTE",12314,15166.0,16952.5,19645.5,38561,13783,301 of 320,sources/state-dese/district-expenditures-by-function.xlsx
2020,category,ADMN,ADMN,Administration,320,490186206,18870241,509056444,0.0371,"per pupil, in-district FTE",217,464.0,570.5,754.8,3019,674,107 of 320,sources/state-dese/district-expenditures-by-function.xlsx
2020,category,BENE,BENE,"Insurance, Retirement Programs and Other",320,2675505544,60557645,2736063195,0.0221,"per pupil, in-district FTE",31,2450.0,2923.5,3637.8,10439,2576,223 of 320,sources/state-dese/district-expenditures-by-function.xlsx
2020,category,GUID,GUID,"Guidance, Counseling and Testing",318,491375845,18881403,510257248,0.0370,"per pupil, in-district FTE",5,461.0,571.0,698.0,1511,472,231 of 318,sources/state-dese/district-expenditures-by-function.xlsx
2020,category,LDRS,LDRS,Instructional Leadership,320,964191754,65901619,1030093373,0.0640,"per pupil, in-district FTE",249,875.0,1067.0,1362.8,3251,728,301 of 320,sources/state-dese/district-expenditures-by-function.xlsx
2020,category,MATL,MATL,"Instructional Materials, Equipment and Technology",320,309027173,154674655,463701831,0.3336,"per pupil, in-district FTE",93,298.0,404.5,587.8,4032,143,313 of 320,sources/state-dese/district-expenditures-by-function.xlsx
2020,category,ODTR,ODTR,Out-of-district Transportation,274,138324883,0,138324883,0.0000,not published — DESE prints 0 per pupil against out-of-district rows,,,,,,,,sources/state-dese/district-expenditures-by-function.xlsx
2020,category,OPMN,OPMN,Operations and Maintenance,320,1098469822,40978059,1139447878,0.0360,"per pupil, in-district FTE",33,1090.8,1318.5,1621.8,4328,991,275 of 320,sources/state-dese/district-expenditures-by-function.xlsx
2020,category,PDEV,PDEV,Professional Development,320,103098566,47279322,150377884,0.3144,"per pupil, in-district FTE",4,65.0,108.0,184.5,835,74,228 of 320,sources/state-dese/district-expenditures-by-function.xlsx
2020,category,SERV,SERV,Pupil Services,320,972862924,487438071,1460300994,0.3338,"per pupil, in-district FTE",5,1247.8,1460.0,1830.2,4421,1060,288 of 320,sources/state-dese/district-expenditures-by-function.xlsx
2020,category,TCHR,TCHR,Teachers,320,5719358434,295753878,6015112311,0.0492,"per pupil, in-district FTE",3119,5807.8,6565.0,7583.0,17895,5394,291 of 320,sources/state-dese/district-expenditures-by-function.xlsx
2020,category,TSER,TSER,Other Teaching Services,320,1151293042,142360440,1293653482,0.1100,"per pupil, in-district FTE",92,1110.5,1386.5,1709.2,5979,1334,179 of 320,sources/state-dese/district-expenditures-by-function.xlsx
2020,detail,ADMN,1110,School Committee,312,26442471,286079,26728548,0.0107,"per pupil, in-district FTE",0,6.0,14.0,35.2,396,3,276 of 312,sources/state-dese/district-expenditures-by-function.xlsx
2020,detail,ADMN,1210,Superintendent,318,88122230,1628050,89750277,0.0181,"per pupil, in-district FTE",16,86.2,137.0,213.0,1050,160,128 of 318,sources/state-dese/district-expenditures-by-function.xlsx
2020,detail,ADMN,1220,Assistant Superintendents,163,37647713,329490,37977202,0.0087,"per pupil, in-district FTE",1,38.5,53.0,76.0,252,,,sources/state-dese/district-expenditures-by-function.xlsx
2020,detail,ADMN,1230,Other District-Wide Administration,158,39321803,9373488,48695290,0.1925,"per pupil, in-district FTE",0,15.0,40.0,81.5,658,8,125 of 158,sources/state-dese/district-expenditures-by-function.xlsx
2020,detail,ADMN,1410,Business and Finance,316,175968381,2601873,178570254,0.0146,"per pupil, in-district FTE",14,156.5,224.0,302.0,1790,297,85 of 316,sources/state-dese/district-expenditures-by-function.xlsx
2020,detail,ADMN,1420,Human Resources and Benefits,235,43781576,1012046,44793622,0.0226,"per pupil, in-district FTE",0,23.0,45.0,71.5,523,33,148 of 235,sources/state-dese/district-expenditures-by-function.xlsx
2020,detail,ADMN,1430,Legal Service for School Committee,305,21941263,282949,22224212,0.0127,"per pupil, in-district FTE",0,12.0,21.0,38.0,166,38,75 of 305,sources/state-dese/district-expenditures-by-function.xlsx
2020,detail,ADMN,1435,Legal Settlements,61,4363750,25000,4388750,0.0057,"per pupil, in-district FTE",0,2.0,7.0,18.0,279,,,sources/state-dese/district-expenditures-by-function.xlsx
2020,detail,ADMN,1450,Administrative Technology-Districtwide,270,49473463,3217112,52690572,0.0611,"per pupil, in-district FTE",0,25.0,51.0,92.0,879,135,33 of 270,sources/state-dese/district-expenditures-by-function.xlsx
2020,detail,BENE,5100,Employer Retirement Contributions,315,465262105,13775086,479037192,0.0288,"per pupil, in-district FTE",31,414.5,551.0,706.5,3700,,,sources/state-dese/district-expenditures-by-function.xlsx
2020,detail,BENE,5150,Employee Separation Costs,260,39028146,4920082,43948228,0.1120,"per pupil, in-district FTE",0,11.0,25.0,55.0,338,22,136 of 260,sources/state-dese/district-expenditures-by-function.xlsx
2020,detail,BENE,5200,Insurance for Active Employees,317,1589687213,39309388,1628996603,0.0241,"per pupil, in-district FTE",495,1420.0,1780.0,2227.0,5570,1825,152 of 317,sources/state-dese/district-expenditures-by-function.xlsx
2020,detail,BENE,5250,Insurance for Retired School Employees,311,460588987,965415,461554402,0.0021,"per pupil, in-district FTE",24,312.5,459.0,645.0,3181,626,83 of 311,sources/state-dese/district-expenditures-by-function.xlsx
2020,detail,BENE,5260,Other Non-Employee Insurance,305,66886311,98412,66984723,0.0015,"per pupil, in-district FTE",0,52.0,85.0,154.0,944,102,135 of 305,sources/state-dese/district-expenditures-by-function.xlsx
2020,detail,BENE,5300,Rental Lease of Equipment,102,9078973,263993,9342965,0.0283,"per pupil, in-district FTE",0,9.2,26.0,45.0,926,,,sources/state-dese/district-expenditures-by-function.xlsx
2020,detail,BENE,5350,Rental Lease of Buildings,62,6346255,946538,7292792,0.1298,"per pupil, in-district FTE",0,6.2,15.5,32.5,81,,,sources/state-dese/district-expenditures-by-function.xlsx
2020,detail,BENE,5400,Short Term Interest RANs,6,480547,0,480547,0.0000,"per pupil, in-district FTE",1,12.2,26.5,34.0,120,,,sources/state-dese/district-expenditures-by-function.xlsx
2020,detail,BENE,5500,Other Fixed Charges,102,16440109,154757,16594866,0.0093,"per pupil, in-district FTE",0,2.0,4.5,14.2,245,,,sources/state-dese/district-expenditures-by-function.xlsx
2020,detail,BENE,5550,School Crossing Guards,144,15950909,104094,16055003,0.0065,"per pupil, in-district FTE",1,7.0,15.0,29.0,96,,,sources/state-dese/district-expenditures-by-function.xlsx
2020,detail,GUID,2710,Guidance incl Adjustment Counselors,302,335341045,10179406,345520451,0.0295,"per pupil, in-district FTE",1,303.2,401.0,509.8,1066,369,176 of 302,sources/state-dese/district-expenditures-by-function.xlsx
2020,detail,GUID,2720,Testing and Assessment,239,14811493,4391367,19202860,0.2287,"per pupil, in-district FTE",0,4.0,11.0,23.5,565,,,sources/state-dese/district-expenditures-by-function.xlsx
2020,detail,GUID,2800,Psychological Services,305,141042156,4308380,145350536,0.0296,"per pupil, in-district FTE",1,101.0,140.0,224.0,892,103,221 of 305,sources/state-dese/district-expenditures-by-function.xlsx
2020,detail,LDRS,2110,Curriculum Directors and Dept. Heads (Supervisory),310,243310716,32741136,276051852,0.1186,"per pupil, in-district FTE",17,158.2,259.0,391.0,1503,178,217 of 310,sources/state-dese/district-expenditures-by-function.xlsx
2020,detail,LDRS,2120,Curriculum Directors and Dept. Heads (Non-Supervisory),226,92078176,11424545,103502721,0.1104,"per pupil, in-district FTE",0,29.5,88.0,188.2,748,9,207 of 226,sources/state-dese/district-expenditures-by-function.xlsx
2020,detail,LDRS,2130,Instructional Technology Leadership and Training,170,45758501,1158226,46916727,0.0247,"per pupil, in-district FTE",0,29.0,66.5,138.8,711,10,158 of 170,sources/state-dese/district-expenditures-by-function.xlsx
2020,detail,LDRS,2210,School Leadership,316,566734943,19132883,585867826,0.0327,"per pupil, in-district FTE",61,553.0,629.5,752.2,2242,531,258 of 316,sources/state-dese/district-expenditures-by-function.xlsx
2020,detail,LDRS,2250,Administrative Technology and Support (Schools),199,14739066,1444829,16183895,0.0893,"per pupil, in-district FTE",0,5.0,19.0,55.0,554,,,sources/state-dese/district-expenditures-by-function.xlsx
2020,detail,MATL,2410,Textbooks,311,46132132,7152603,53284734,0.1342,"per pupil, in-district FTE",0,23.0,44.0,81.0,962,2,307 of 311,sources/state-dese/district-expenditures-by-function.xlsx
2020,detail,MATL,2415,Other Instructional Matls (Libraries),308,37017751,23809239,60826990,0.3914,"per pupil, in-district FTE",0,10.0,27.0,76.5,1531,54,100 of 308,sources/state-dese/district-expenditures-by-function.xlsx
2020,detail,MATL,2420,Instructional Equipment,273,21498573,12715424,34213997,0.3716,"per pupil, in-district FTE",0,10.0,28.0,58.0,1510,19,171 of 273,sources/state-dese/district-expenditures-by-function.xlsx
2020,detail,MATL,2430,General Classroom Supplies,314,50664823,15208050,65872871,0.2309,"per pupil, in-district FTE",0,42.2,82.5,120.0,958,18,290 of 314,sources/state-dese/district-expenditures-by-function.xlsx
2020,detail,MATL,2440,Other Instructional Services,289,56901421,67123802,124025223,0.5412,"per pupil, in-district FTE",0,17.0,51.0,124.0,1110,20,210 of 289,sources/state-dese/district-expenditures-by-function.xlsx
2020,detail,MATL,2451,Instructional Hardware - Student and Staff Devices (computers),292,51627942,16766623,68394565,0.2451,"per pupil, in-district FTE",0,18.0,58.0,126.2,678,27,198 of 292,sources/state-dese/district-expenditures-by-function.xlsx
2020,detail,MATL,2453,Instructional Hardware - All Other,204,15805966,4151859,19957825,0.2080,"per pupil, in-district FTE",0,3.0,19.0,49.0,289,3,152 of 204,sources/state-dese/district-expenditures-by-function.xlsx
2020,detail,MATL,2455,Instructional Software and Other Instructional Materials,265,20091544,7735382,27826926,0.2780,"per pupil, in-district FTE",0,12.0,29.0,51.0,244,,,sources/state-dese/district-expenditures-by-function.xlsx
2020,detail,ODTR,9130,Charter Transportation Tuition,7,3908289,0,3908289,0.0000,not published — DESE prints 0 per pupil against out-of-district rows,,,,,,,,sources/state-dese/district-expenditures-by-function.xlsx
2020,detail,OPMN,4110,Custodial Services,315,375683525,11620443,387303965,0.0300,"per pupil, in-district FTE",0,378.5,450.0,559.0,1570,526,101 of 315,sources/state-dese/district-expenditures-by-function.xlsx
2020,detail,OPMN,4120,Heating of Buildings,304,75861684,954514,76816197,0.0124,"per pupil, in-district FTE",0,81.0,105.5,145.2,655,76,236 of 304,sources/state-dese/district-expenditures-by-function.xlsx
2020,detail,OPMN,4130,Utility Services,316,192943997,3338284,196282278,0.0170,"per pupil, in-district FTE",3,166.8,218.0,279.2,966,149,268 of 316,sources/state-dese/district-expenditures-by-function.xlsx
2020,detail,OPMN,4210,Maintenance of Grounds,294,55636744,1338215,56974954,0.0235,"per pupil, in-district FTE",1,25.0,51.0,101.8,776,69,118 of 294,sources/state-dese/district-expenditures-by-function.xlsx
2020,detail,OPMN,4220,Maintenance of Buildings,318,238921225,14270624,253191853,0.0564,"per pupil, in-district FTE",16,148.2,239.0,360.5,2060,112,269 of 318,sources/state-dese/district-expenditures-by-function.xlsx
2020,detail,OPMN,4225,Building Security System,155,4638923,2282951,6921875,0.3298,"per pupil, in-district FTE",0,4.0,12.0,30.0,245,5,108 of 155,sources/state-dese/district-expenditures-by-function.xlsx
2020,detail,OPMN,4230,Maintenance of Equipment,278,22527407,1399862,23927265,0.0585,"per pupil, in-district FTE",-16,12.0,25.5,60.0,340,17,175 of 278,sources/state-dese/district-expenditures-by-function.xlsx
2020,detail,OPMN,4300,Extraordinary Maintenance,121,22231579,1147175,23378754,0.0491,"per pupil, in-district FTE",0,11.0,36.0,98.0,1316,9,101 of 121,sources/state-dese/district-expenditures-by-function.xlsx
2020,detail,OPMN,4400,"Technology Infrastructure, Maintenance, and Support - Salaries",237,67445065,1064202,68509268,0.0155,"per pupil, in-district FTE",2,75.0,117.0,161.0,541,,,sources/state-dese/district-expenditures-by-function.xlsx
2020,detail,OPMN,4450,"Technology Infrastructure, Maintenance, and Support - All Other",247,42457969,3561791,46019760,0.0774,"per pupil, in-district FTE",0,21.0,42.0,84.5,734,28,162 of 247,sources/state-dese/district-expenditures-by-function.xlsx
2020,detail,PDEV,2351,Professional Development Leadership,154,10169417,2338732,12508149,0.1870,"per pupil, in-district FTE",0,3.0,16.0,36.0,364,10,89 of 154,sources/state-dese/district-expenditures-by-function.xlsx
2020,detail,PDEV,2352,Instructional Coaches,140,39266782,12930328,52197110,0.2477,"per pupil, in-district FTE",0,9.0,49.5,111.0,602,1,129 of 140,sources/state-dese/district-expenditures-by-function.xlsx
2020,detail,PDEV,2354,Stipends for Teachers Providing Instructional Coaching,201,6967754,5471094,12438847,0.4398,"per pupil, in-district FTE",0,7.0,12.0,28.0,337,8,129 of 201,sources/state-dese/district-expenditures-by-function.xlsx
2020,detail,PDEV,2356,Costs for Instructional Staff to Attend Professional Development,300,33036964,10263168,43300132,0.2370,"per pupil, in-district FTE",0,21.0,41.0,71.2,409,34,175 of 300,sources/state-dese/district-expenditures-by-function.xlsx
2020,detail,PDEV,2358,Outside Professional Development Providers for Instructional Staff,271,13641779,16226428,29868207,0.5433,"per pupil, in-district FTE",0,12.5,26.0,47.0,388,22,153 of 271,sources/state-dese/district-expenditures-by-function.xlsx
2020,detail,SERV,3100,Attendance and Parent Liaison Services,132,19934631,4262210,24196842,0.1761,"per pupil, in-district FTE",0,4.0,18.5,50.2,538,,,sources/state-dese/district-expenditures-by-function.xlsx
2020,detail,SERV,3200,Medical/Health Services,318,181068458,6521315,187589770,0.0348,"per pupil, in-district FTE",1,164.0,198.0,246.5,1168,156,254 of 318,sources/state-dese/district-expenditures-by-function.xlsx
2020,detail,SERV,3300,Transportation Services,317,548239106,35047873,583286981,0.0601,"per pupil, in-district FTE",0,411.0,561.0,766.0,2804,475,208 of 317,sources/state-dese/district-expenditures-by-function.xlsx
2020,detail,SERV,3400,Food Services,315,31901456,355344732,387246188,0.9176,"per pupil, in-district FTE",3,285.5,346.0,450.5,1301,184,306 of 315,sources/state-dese/district-expenditures-by-function.xlsx
2020,detail,SERV,3510,Athletics,267,113866423,30705475,144571895,0.2124,"per pupil, in-district FTE",9,142.0,195.0,266.5,826,237,86 of 267,sources/state-dese/district-expenditures-by-function.xlsx
2020,detail,SERV,3520,Other Student Activities,292,34223901,52707779,86931678,0.6063,"per pupil, in-district FTE",1,38.8,74.0,144.0,783,9,279 of 292,sources/state-dese/district-expenditures-by-function.xlsx
2020,detail,SERV,3600,School Security,212,43530201,2839523,46369721,0.0612,"per pupil, in-district FTE",0,19.0,37.0,78.2,341,,,sources/state-dese/district-expenditures-by-function.xlsx
2020,detail,TCHR,2305,"Teachers, Classroom",318,5711147908,294375595,6005523502,0.0490,"per pupil, in-district FTE",3856,5823.5,6570.5,7603.0,17895,5394,291 of 318,sources/state-dese/district-expenditures-by-function.xlsx
2020,detail,TSER,2320,Medical/ Therapeutic Services,295,301927677,11016756,312944433,0.0352,"per pupil, in-district FTE",2,223.5,368.0,485.5,1684,291,194 of 295,sources/state-dese/district-expenditures-by-function.xlsx
2020,detail,TSER,2324,"Substitutes, Long-Term",219,36832171,532084,37364255,0.0142,"per pupil, in-district FTE",0,26.0,48.0,77.5,621,20,182 of 219,sources/state-dese/district-expenditures-by-function.xlsx
2020,detail,TSER,2325,"Substitutes, Short-Term",313,78285670,1761978,80047648,0.0220,"per pupil, in-district FTE",0,47.0,66.0,95.0,384,44,251 of 313,sources/state-dese/district-expenditures-by-function.xlsx
2020,detail,TSER,2330,Paraprofessionals,318,654060246,125418854,779479100,0.1609,"per pupil, in-district FTE",31,639.2,823.0,1082.8,3267,853,147 of 318,sources/state-dese/district-expenditures-by-function.xlsx
2020,detail,TSER,2340,Librarians/Media Center Directors,300,74534763,1743610,76278373,0.0229,"per pupil, in-district FTE",5,64.0,105.0,152.5,671,126,116 of 300,sources/state-dese/district-expenditures-by-function.xlsx
2020,detail,TSER,2345,Distance Learning and Online Coursework,76,4814000,1874643,6688643,0.2803,"per pupil, in-district FTE",0,2.8,5.0,8.2,111,,,sources/state-dese/district-expenditures-by-function.xlsx
2020,detail,TUIT,9100,Tuition to Mass. Schools,245,61520378,8494952,70015332,0.1213,not published — DESE prints 0 per pupil against out-of-district rows,,,,,,,,sources/state-dese/district-expenditures-by-function.xlsx
2020,detail,TUIT,9110,Tuition for School Choice,306,114330990,0,114330990,0.0000,not published — DESE prints 0 per pupil against out-of-district rows,,,,,,,,sources/state-dese/district-expenditures-by-function.xlsx
2020,detail,TUIT,9120,Tuition to Commonwealth Charter Schools,251,681774279,0,681774279,0.0000,not published — DESE prints 0 per pupil against out-of-district rows,,,,,,,,sources/state-dese/district-expenditures-by-function.xlsx
2020,detail,TUIT,9125,Tuition to Horace Mann Charter Schools,2,32557863,0,32557863,0.0000,not published — DESE prints 0 per pupil against out-of-district rows,,,,,,,,sources/state-dese/district-expenditures-by-function.xlsx
2020,detail,TUIT,9200,Tuition to Out-of-State Schools,85,18393130,4193272,22586401,0.1857,not published — DESE prints 0 per pupil against out-of-district rows,,,,,,,,sources/state-dese/district-expenditures-by-function.xlsx
2020,detail,TUIT,9300,Tuition to Non-Public Schools,268,422958080,242176712,665134789,0.3641,not published — DESE prints 0 per pupil against out-of-district rows,,,,,,,,sources/state-dese/district-expenditures-by-function.xlsx
2020,detail,TUIT,9400,Tuition to Collaboratives,255,201289362,53907465,255196822,0.2112,not published — DESE prints 0 per pupil against out-of-district rows,,,,,,,,sources/state-dese/district-expenditures-by-function.xlsx
2020,rollup,IIII,IIII,In-district Expenditure,320,13975369303,1332695325,15308064633,0.0871,"per pupil, in-district FTE",10290,14767.5,16702.0,19402.8,45464,13446,297 of 320,sources/state-dese/district-expenditures-by-function.xlsx
2020,rollup,OODD,OODD,Out-of-district Expenditure,314,1671148950,308772409,1979921353,0.1560,not published — DESE prints 0 per pupil against out-of-district rows,,,,,,,,sources/state-dese/district-expenditures-by-function.xlsx
2020,total,TTPP,TTPP,"Expenditure (Admin, Instruction, Operations)",320,15646518266,1641467728,17287985986,0.0949,"per pupil, in-district FTE",10290,15611.2,17308.0,19706.8,40538,13797,302 of 320,sources/state-dese/district-expenditures-by-function.xlsx
2021,category,ADMN,ADMN,Administration,318,517742216,26298098,544040311,0.0483,"per pupil, in-district FTE",273,532.2,637.5,839.0,3362,772,100 of 318,sources/state-dese/district-expenditures-by-function.xlsx
2021,category,BENE,BENE,"Insurance, Retirement Programs and Other",317,2734744643,68980740,2803725386,0.0246,"per pupil, in-district FTE",973,2609.0,3166.0,3877.0,10049,2956,194 of 317,sources/state-dese/district-expenditures-by-function.xlsx
2021,category,GUID,GUID,"Guidance, Counseling and Testing",316,512798912,25345758,538144670,0.0471,"per pupil, in-district FTE",133,514.8,618.0,779.2,1900,518,233 of 316,sources/state-dese/district-expenditures-by-function.xlsx
2021,category,LDRS,LDRS,Instructional Leadership,318,991154191,68028419,1059182610,0.0642,"per pupil, in-district FTE",285,946.5,1129.5,1446.2,2925,910,252 of 318,sources/state-dese/district-expenditures-by-function.xlsx
2021,category,MATL,MATL,"Instructional Materials, Equipment and Technology",318,329996363,326070684,656067047,0.4970,"per pupil, in-district FTE",102,458.0,646.5,925.5,3031,449,243 of 318,sources/state-dese/district-expenditures-by-function.xlsx
2021,category,ODTR,ODTR,Out-of-district Transportation,283,146105593,0,146105593,0.0000,not published — DESE prints 0 per pupil against out-of-district rows,,,,,,,,sources/state-dese/district-expenditures-by-function.xlsx
2021,category,OPMN,OPMN,Operations and Maintenance,317,1184397023,105731263,1290128289,0.0820,"per pupil, in-district FTE",197,1322.0,1583.0,1914.0,4297,1136,274 of 317,sources/state-dese/district-expenditures-by-function.xlsx
2021,category,PDEV,PDEV,Professional Development,318,101956486,54302456,156258940,0.3475,"per pupil, in-district FTE",1,63.0,114.5,201.8,1475,58,247 of 318,sources/state-dese/district-expenditures-by-function.xlsx
2021,category,SERV,SERV,Pupil Services,318,945694340,449285289,1394979623,0.3221,"per pupil, in-district FTE",647,1296.2,1572.5,1934.5,4309,1059,290 of 318,sources/state-dese/district-expenditures-by-function.xlsx
2021,category,TCHR,TCHR,Teachers,318,5886520618,290230489,6176751113,0.0470,"per pupil, in-district FTE",4627,6308.2,7077.0,8128.2,18702,5869,279 of 318,sources/state-dese/district-expenditures-by-function.xlsx
2021,category,TSER,TSER,Other Teaching Services,318,1170327800,168230256,1338558058,0.1257,"per pupil, in-district FTE",294,1194.2,1507.5,1928.8,6176,1473,171 of 318,sources/state-dese/district-expenditures-by-function.xlsx
2021,detail,ADMN,1110,School Committee,312,24406191,273723,24679913,0.0111,"per pupil, in-district FTE",0,7.0,14.0,33.0,381,9,200 of 312,sources/state-dese/district-expenditures-by-function.xlsx
2021,detail,ADMN,1210,Superintendent,318,89255644,3572552,92828197,0.0385,"per pupil, in-district FTE",16,94.0,147.0,229.2,1011,164,135 of 318,sources/state-dese/district-expenditures-by-function.xlsx
2021,detail,ADMN,1220,Assistant Superintendents,164,37490089,846089,38336179,0.0221,"per pupil, in-district FTE",3,40.0,54.0,81.0,208,,,sources/state-dese/district-expenditures-by-function.xlsx
2021,detail,ADMN,1230,Other District-Wide Administration,171,46346082,10995886,57341968,0.1918,"per pupil, in-district FTE",0,15.0,40.0,84.0,696,27,107 of 171,sources/state-dese/district-expenditures-by-function.xlsx
2021,detail,ADMN,1410,Business and Finance,314,187005811,3087569,190093381,0.0162,"per pupil, in-district FTE",48,175.2,246.0,328.5,1918,295,100 of 314,sources/state-dese/district-expenditures-by-function.xlsx
2021,detail,ADMN,1420,Human Resources and Benefits,243,45954165,797472,46751637,0.0171,"per pupil, in-district FTE",0,24.5,49.0,80.5,443,39,143 of 243,sources/state-dese/district-expenditures-by-function.xlsx
2021,detail,ADMN,1430,Legal Service for School Committee,310,23555564,239204,23794767,0.0101,"per pupil, in-district FTE",0,13.0,24.0,40.8,209,39,81 of 310,sources/state-dese/district-expenditures-by-function.xlsx
2021,detail,ADMN,1435,Legal Settlements,56,6126521,10971,6137492,0.0018,"per pupil, in-district FTE",0,4.0,9.0,26.5,407,,,sources/state-dese/district-expenditures-by-function.xlsx
2021,detail,ADMN,1450,Administrative Technology-Districtwide,261,57602153,6474629,64076783,0.1010,"per pupil, in-district FTE",0,30.0,62.0,113.0,1179,199,30 of 261,sources/state-dese/district-expenditures-by-function.xlsx
2021,detail,BENE,5100,Employer Retirement Contributions,312,494897204,15344720,510241923,0.0301,"per pupil, in-district FTE",14,470.8,610.5,797.0,4116,329,289 of 312,sources/state-dese/district-expenditures-by-function.xlsx
2021,detail,BENE,5150,Employee Separation Costs,259,41859804,5235515,47095319,0.1112,"per pupil, in-district FTE",0,14.0,32.0,61.5,589,20,173 of 259,sources/state-dese/district-expenditures-by-function.xlsx
2021,detail,BENE,5200,Insurance for Active Employees,317,1615538117,42454474,1657992592,0.0256,"per pupil, in-district FTE",592,1490.0,1893.0,2377.0,6355,1847,162 of 317,sources/state-dese/district-expenditures-by-function.xlsx
2021,detail,BENE,5250,Insurance for Retired School Employees,309,469626997,756102,470383099,0.0016,"per pupil, in-district FTE",20,337.0,489.0,706.0,3074,649,92 of 309,sources/state-dese/district-expenditures-by-function.xlsx
2021,detail,BENE,5260,Other Non-Employee Insurance,302,71815004,428361,72243365,0.0059,"per pupil, in-district FTE",0,61.0,99.5,178.8,960,111,135 of 302,sources/state-dese/district-expenditures-by-function.xlsx
2021,detail,BENE,5300,Rental Lease of Equipment,110,7707777,2523901,10231678,0.2467,"per pupil, in-district FTE",0,14.2,28.5,41.8,928,,,sources/state-dese/district-expenditures-by-function.xlsx
2021,detail,BENE,5350,Rental Lease of Buildings,68,5840135,2071593,7911728,0.2618,"per pupil, in-district FTE",0,3.8,11.5,39.2,202,,,sources/state-dese/district-expenditures-by-function.xlsx
2021,detail,BENE,5400,Short Term Interest RANs,3,574866,0,574866,0.0000,"per pupil, in-district FTE",1,2.0,3.0,98.5,194,,,sources/state-dese/district-expenditures-by-function.xlsx
2021,detail,BENE,5500,Other Fixed Charges,92,15085650,71572,15157222,0.0047,"per pupil, in-district FTE",0,2.0,4.0,11.2,232,,,sources/state-dese/district-expenditures-by-function.xlsx
2021,detail,BENE,5550,School Crossing Guards,137,11799085,94502,11893586,0.0079,"per pupil, in-district FTE",0,6.0,12.0,27.0,90,,,sources/state-dese/district-expenditures-by-function.xlsx
2021,detail,GUID,2710,Guidance incl Adjustment Counselors,302,343356405,13667409,357023813,0.0383,"per pupil, in-district FTE",1,327.5,444.5,549.8,1159,375,200 of 302,sources/state-dese/district-expenditures-by-function.xlsx
2021,detail,GUID,2720,Testing and Assessment,237,18449660,6425852,24875512,0.2583,"per pupil, in-district FTE",0,6.0,14.0,37.0,473,,,sources/state-dese/district-expenditures-by-function.xlsx
2021,detail,GUID,2800,Psychological Services,308,150992840,5252497,156245337,0.0336,"per pupil, in-district FTE",1,105.5,161.0,254.5,1215,144,177 of 308,sources/state-dese/district-expenditures-by-function.xlsx
2021,detail,LDRS,2110,Curriculum Directors and Dept. Heads (Supervisory),311,252081804,31254143,283335948,0.1103,"per pupil, in-district FTE",2,171.5,283.0,401.5,1185,174,230 of 311,sources/state-dese/district-expenditures-by-function.xlsx
2021,detail,LDRS,2120,Curriculum Directors and Dept. Heads (Non-Supervisory),226,98147821,13460364,111608185,0.1206,"per pupil, in-district FTE",0,39.2,94.0,196.8,807,27,182 of 226,sources/state-dese/district-expenditures-by-function.xlsx
2021,detail,LDRS,2130,Instructional Technology Leadership and Training,186,46770223,3679390,50449613,0.0729,"per pupil, in-district FTE",0,29.8,74.5,140.8,746,4,177 of 186,sources/state-dese/district-expenditures-by-function.xlsx
2021,detail,LDRS,2210,School Leadership,317,579559027,16327304,595886331,0.0274,"per pupil, in-district FTE",27,578.0,667.0,792.0,2536,671,156 of 317,sources/state-dese/district-expenditures-by-function.xlsx
2021,detail,LDRS,2250,Administrative Technology and Support (Schools),198,14595305,3307218,17902523,0.1847,"per pupil, in-district FTE",0,5.2,21.0,59.5,514,35,73 of 198,sources/state-dese/district-expenditures-by-function.xlsx
2021,detail,MATL,2410,Textbooks,308,49055156,11794392,60849549,0.1938,"per pupil, in-district FTE",0,23.0,53.5,90.5,937,5,292 of 308,sources/state-dese/district-expenditures-by-function.xlsx
2021,detail,MATL,2415,Other Instructional Matls (Libraries),307,32075571,42168162,74243734,0.5680,"per pupil, in-district FTE",0,10.0,36.0,107.5,2015,111,71 of 307,sources/state-dese/district-expenditures-by-function.xlsx
2021,detail,MATL,2420,Instructional Equipment,274,24327801,18725985,43053786,0.4349,"per pupil, in-district FTE",0,11.2,34.5,64.8,1559,28,162 of 274,sources/state-dese/district-expenditures-by-function.xlsx
2021,detail,MATL,2430,General Classroom Supplies,315,52532534,39282864,91815397,0.4278,"per pupil, in-district FTE",1,49.0,93.0,157.0,1300,127,104 of 315,sources/state-dese/district-expenditures-by-function.xlsx
2021,detail,MATL,2440,Other Instructional Services,293,60296972,87036888,147333861,0.5907,"per pupil, in-district FTE",0,17.0,48.0,148.0,1018,9,243 of 293,sources/state-dese/district-expenditures-by-function.xlsx
2021,detail,MATL,2451,Instructional Hardware - Student and Staff Devices (computers),305,61047924,80779025,141826949,0.5696,"per pupil, in-district FTE",0,79.0,171.0,264.0,933,167,158 of 305,sources/state-dese/district-expenditures-by-function.xlsx
2021,detail,MATL,2453,Instructional Hardware - All Other,241,26517929,23212829,49730758,0.4668,"per pupil, in-district FTE",0,7.0,26.0,77.0,492,2,208 of 241,sources/state-dese/district-expenditures-by-function.xlsx
2021,detail,MATL,2455,Instructional Software and Other Instructional Materials,284,24142470,23070542,47213011,0.4886,"per pupil, in-district FTE",0,24.0,47.5,89.2,1252,,,sources/state-dese/district-expenditures-by-function.xlsx
2021,detail,ODTR,9130,Charter Transportation Tuition,6,2592781,0,2592781,0.0000,not published — DESE prints 0 per pupil against out-of-district rows,,,,,,,,sources/state-dese/district-expenditures-by-function.xlsx
2021,detail,OPMN,4110,Custodial Services,314,376968537,33788744,410757278,0.0823,"per pupil, in-district FTE",10,419.0,513.5,624.8,2049,533,139 of 314,sources/state-dese/district-expenditures-by-function.xlsx
2021,detail,OPMN,4120,Heating of Buildings,298,89729028,1029257,90758283,0.0113,"per pupil, in-district FTE",0,98.2,131.0,172.8,692,80,256 of 298,sources/state-dese/district-expenditures-by-function.xlsx
2021,detail,OPMN,4130,Utility Services,315,199847929,2999551,202847480,0.0148,"per pupil, in-district FTE",4,185.0,243.0,302.0,858,144,280 of 315,sources/state-dese/district-expenditures-by-function.xlsx
2021,detail,OPMN,4210,Maintenance of Grounds,293,68874965,1729060,70604023,0.0245,"per pupil, in-district FTE",0,33.0,62.0,114.0,687,48,180 of 293,sources/state-dese/district-expenditures-by-function.xlsx
2021,detail,OPMN,4220,Maintenance of Buildings,315,267320361,34122493,301442859,0.1132,"per pupil, in-district FTE",6,199.5,303.0,437.5,2079,156,266 of 315,sources/state-dese/district-expenditures-by-function.xlsx
2021,detail,OPMN,4225,Building Security System,147,4795120,839771,5634891,0.1490,"per pupil, in-district FTE",0,4.0,11.0,25.0,149,,,sources/state-dese/district-expenditures-by-function.xlsx
2021,detail,OPMN,4230,Maintenance of Equipment,275,24064885,13526992,37591877,0.3598,"per pupil, in-district FTE",-15,15.0,36.0,75.0,497,26,168 of 275,sources/state-dese/district-expenditures-by-function.xlsx
2021,detail,OPMN,4300,Extraordinary Maintenance,117,26738654,6650633,33389287,0.1992,"per pupil, in-district FTE",0,27.0,67.0,139.0,1741,101,41 of 117,sources/state-dese/district-expenditures-by-function.xlsx
2021,detail,OPMN,4400,"Technology Infrastructure, Maintenance, and Support - Salaries",254,77038087,1664124,78702210,0.0211,"per pupil, in-district FTE",0,81.2,128.0,175.0,395,,,sources/state-dese/district-expenditures-by-function.xlsx
2021,detail,OPMN,4450,"Technology Infrastructure, Maintenance, and Support - All Other",250,49019459,9380642,58400100,0.1606,"per pupil, in-district FTE",0,24.2,52.0,101.2,668,47,141 of 250,sources/state-dese/district-expenditures-by-function.xlsx
2021,detail,PDEV,2351,Professional Development Leadership,163,9693706,2440904,12134610,0.2012,"per pupil, in-district FTE",0,2.0,9.0,25.5,161,,,sources/state-dese/district-expenditures-by-function.xlsx
2021,detail,PDEV,2352,Instructional Coaches,141,43305952,12441755,55747707,0.2232,"per pupil, in-district FTE",0,9.0,32.0,117.0,645,15,90 of 141,sources/state-dese/district-expenditures-by-function.xlsx
2021,detail,PDEV,2354,Stipends for Teachers Providing Instructional Coaching,208,6096453,6213876,12310330,0.5048,"per pupil, in-district FTE",0,6.8,14.0,30.0,329,,,sources/state-dese/district-expenditures-by-function.xlsx
2021,detail,PDEV,2356,Costs for Instructional Staff to Attend Professional Development,297,30755942,14182590,44938532,0.3156,"per pupil, in-district FTE",0,18.0,35.0,65.0,1439,43,113 of 297,sources/state-dese/district-expenditures-by-function.xlsx
2021,detail,PDEV,2358,Outside Professional Development Providers for Instructional Staff,264,12104428,19023330,31127757,0.6111,"per pupil, in-district FTE",0,15.0,30.0,55.0,395,,,sources/state-dese/district-expenditures-by-function.xlsx
2021,detail,SERV,3100,Attendance and Parent Liaison Services,129,25553553,7177339,32730892,0.2193,"per pupil, in-district FTE",0,3.0,21.0,52.0,550,,,sources/state-dese/district-expenditures-by-function.xlsx
2021,detail,SERV,3200,Medical/Health Services,317,186786431,46201802,232988235,0.1983,"per pupil, in-district FTE",2,198.0,252.0,346.0,1550,162,281 of 317,sources/state-dese/district-expenditures-by-function.xlsx
2021,detail,SERV,3300,Transportation Services,317,521622785,35724506,557347288,0.0641,"per pupil, in-district FTE",1,473.0,626.0,846.0,2726,444,253 of 317,sources/state-dese/district-expenditures-by-function.xlsx
2021,detail,SERV,3400,Food Services,317,29502932,311028600,340531531,0.9134,"per pupil, in-district FTE",1,268.0,334.0,450.0,1352,190,294 of 317,sources/state-dese/district-expenditures-by-function.xlsx
2021,detail,SERV,3510,Athletics,264,113902711,20795671,134698386,0.1544,"per pupil, in-district FTE",0,134.0,185.0,253.2,1097,246,75 of 264,sources/state-dese/district-expenditures-by-function.xlsx
2021,detail,SERV,3520,Other Student Activities,286,28724947,25505512,54230452,0.4703,"per pupil, in-district FTE",0,26.2,50.0,85.8,1169,16,248 of 286,sources/state-dese/district-expenditures-by-function.xlsx
2021,detail,SERV,3600,School Security,200,39600994,2851864,42452857,0.0672,"per pupil, in-district FTE",0,14.8,36.5,72.2,369,,,sources/state-dese/district-expenditures-by-function.xlsx
2021,detail,TCHR,2305,"Teachers, Classroom",318,5886520618,290230489,6176751113,0.0470,"per pupil, in-district FTE",4627,6308.2,7077.0,8128.2,18702,5869,279 of 318,sources/state-dese/district-expenditures-by-function.xlsx
2021,detail,TSER,2320,Medical/ Therapeutic Services,300,320249728,16926251,337175979,0.0502,"per pupil, in-district FTE",2,261.8,418.0,561.0,2015,341,195 of 300,sources/state-dese/district-expenditures-by-function.xlsx
2021,detail,TSER,2324,"Substitutes, Long-Term",231,56733333,8032836,64766169,0.1240,"per pupil, in-district FTE",0,39.5,87.0,153.5,603,4,222 of 231,sources/state-dese/district-expenditures-by-function.xlsx
2021,detail,TSER,2325,"Substitutes, Short-Term",314,70800781,5726732,76527513,0.0748,"per pupil, in-district FTE",0,41.0,66.0,109.0,773,66,157 of 314,sources/state-dese/district-expenditures-by-function.xlsx
2021,detail,TSER,2330,Paraprofessionals,318,640947533,117302733,758250266,0.1547,"per pupil, in-district FTE",44,657.2,838.0,1088.8,3534,889,137 of 318,sources/state-dese/district-expenditures-by-function.xlsx
2021,detail,TSER,2340,Librarians/Media Center Directors,287,71861310,1597460,73458770,0.0217,"per pupil, in-district FTE",2,60.0,105.0,160.0,720,171,61 of 287,sources/state-dese/district-expenditures-by-function.xlsx
2021,detail,TSER,2345,Distance Learning and Online Coursework,103,9735119,18644244,28379363,0.6570,"per pupil, in-district FTE",0,4.5,15.0,47.0,659,2,92 of 103,sources/state-dese/district-expenditures-by-function.xlsx
2021,detail,TUIT,9100,Tuition to Mass. Schools,237,65993950,10373150,76367100,0.1358,not published — DESE prints 0 per pupil against out-of-district rows,,,,,,,,sources/state-dese/district-expenditures-by-function.xlsx
2021,detail,TUIT,9110,Tuition for School Choice,309,118814377,0,118814377,0.0000,not published — DESE prints 0 per pupil against out-of-district rows,,,,,,,,sources/state-dese/district-expenditures-by-function.xlsx
2021,detail,TUIT,9120,Tuition to Commonwealth Charter Schools,255,733724855,0,733724855,0.0000,not published — DESE prints 0 per pupil against out-of-district rows,,,,,,,,sources/state-dese/district-expenditures-by-function.xlsx
2021,detail,TUIT,9125,Tuition to Horace Mann Charter Schools,1,30894974,0,30894974,0.0000,not published — DESE prints 0 per pupil against out-of-district rows,,,,,,,,sources/state-dese/district-expenditures-by-function.xlsx
2021,detail,TUIT,9200,Tuition to Out-of-State Schools,82,17882942,5016823,22899765,0.2191,not published — DESE prints 0 per pupil against out-of-district rows,,,,,,,,sources/state-dese/district-expenditures-by-function.xlsx
2021,detail,TUIT,9300,Tuition to Non-Public Schools,262,416994182,244509685,661503868,0.3696,not published — DESE prints 0 per pupil against out-of-district rows,,,,,,,,sources/state-dese/district-expenditures-by-function.xlsx
2021,detail,TUIT,9400,Tuition to Collaboratives,253,193479365,56396990,249876352,0.2257,not published — DESE prints 0 per pupil against out-of-district rows,,,,,,,,sources/state-dese/district-expenditures-by-function.xlsx
2021,rollup,IIII,IIII,In-district Expenditure,318,14375332588,1582503454,15957836060,0.0992,"per pupil, in-district FTE",12607,16348.2,18163.5,21341.5,44859,15201,286 of 318,sources/state-dese/district-expenditures-by-function.xlsx
2021,rollup,OODD,OODD,Out-of-district Expenditure,313,1723890230,316296644,2040186879,0.1550,not published — DESE prints 0 per pupil against out-of-district rows,,,,,,,,sources/state-dese/district-expenditures-by-function.xlsx
2021,total,TTPP,TTPP,"Expenditure (Admin, Instruction, Operations)",318,16099222834,1898800100,17998022938,0.1055,"per pupil, in-district FTE",13446,16978.5,18902.0,21388.8,41319,15201,302 of 318,sources/state-dese/district-expenditures-by-function.xlsx
2022,category,ADMN,ADMN,Administration,318,548910859,33358964,582269822,0.0573,"per pupil, in-district FTE",307,538.8,672.5,864.0,3601,763,112 of 318,sources/state-dese/district-expenditures-by-function.xlsx
2022,category,BENE,BENE,"Insurance, Retirement Programs and Other",318,2832947408,94602865,2927550274,0.0323,"per pupil, in-district FTE",370,2706.8,3205.5,3929.8,9901,2919,205 of 318,sources/state-dese/district-expenditures-by-function.xlsx
2022,category,GUID,GUID,"Guidance, Counseling and Testing",318,540246819,43535555,583782374,0.0746,"per pupil, in-district FTE",19,545.2,669.0,844.5,1818,607,200 of 318,sources/state-dese/district-expenditures-by-function.xlsx
2022,category,LDRS,LDRS,Instructional Leadership,318,1044998737,105023268,1150022004,0.0913,"per pupil, in-district FTE",428,999.0,1213.0,1493.0,3147,1215,157 of 318,sources/state-dese/district-expenditures-by-function.xlsx
2022,category,MATL,MATL,"Instructional Materials, Equipment and Technology",318,344525550,321150961,665676520,0.4824,"per pupil, in-district FTE",111,431.8,603.0,921.8,2985,193,314 of 318,sources/state-dese/district-expenditures-by-function.xlsx
2022,category,ODTR,ODTR,Out-of-district Transportation,282,199337980,0,199337980,0.0000,not published — DESE prints 0 per pupil against out-of-district rows,,,,,,,,sources/state-dese/district-expenditures-by-function.xlsx
2022,category,OPMN,OPMN,Operations and Maintenance,318,1259929400,92725069,1352654467,0.0686,"per pupil, in-district FTE",182,1306.5,1556.5,1919.0,4951,1224,258 of 318,sources/state-dese/district-expenditures-by-function.xlsx
2022,category,PDEV,PDEV,Professional Development,318,125016858,77809981,202826832,0.3836,"per pupil, in-district FTE",1,86.0,145.0,234.5,962,132,180 of 318,sources/state-dese/district-expenditures-by-function.xlsx
2022,category,SERV,SERV,Pupil Services,318,1106809608,648847144,1755656753,0.3696,"per pupil, in-district FTE",470,1562.8,1838.0,2348.2,4719,1460,264 of 318,sources/state-dese/district-expenditures-by-function.xlsx
2022,category,TCHR,TCHR,Teachers,318,6044260144,419344453,6463604596,0.0649,"per pupil, in-district FTE",4399,6498.5,7238.0,8378.0,20580,5878,297 of 318,sources/state-dese/district-expenditures-by-function.xlsx
2022,category,TSER,TSER,Other Teaching Services,318,1253217181,212787592,1466004773,0.1451,"per pupil, in-district FTE",341,1299.2,1618.5,2107.2,7099,1483,197 of 318,sources/state-dese/district-expenditures-by-function.xlsx
2022,detail,ADMN,1110,School Committee,313,24406990,462953,24869943,0.0186,"per pupil, in-district FTE",0,8.0,16.0,36.0,545,4,267 of 313,sources/state-dese/district-expenditures-by-function.xlsx
2022,detail,ADMN,1210,Superintendent,318,91939648,3264952,95204603,0.0343,"per pupil, in-district FTE",17,96.0,147.5,237.8,1221,190,108 of 318,sources/state-dese/district-expenditures-by-function.xlsx
2022,detail,ADMN,1220,Assistant Superintendents,171,40716081,2222783,42938864,0.0518,"per pupil, in-district FTE",3,40.0,59.0,87.0,215,,,sources/state-dese/district-expenditures-by-function.xlsx
2022,detail,ADMN,1230,Other District-Wide Administration,194,51320151,16610582,67930731,0.2445,"per pupil, in-district FTE",0,21.0,50.0,92.5,617,53,91 of 194,sources/state-dese/district-expenditures-by-function.xlsx
2022,detail,ADMN,1410,Business and Finance,315,197496379,5335516,202831897,0.0263,"per pupil, in-district FTE",33,180.0,249.0,340.5,1827,222,193 of 315,sources/state-dese/district-expenditures-by-function.xlsx
2022,detail,ADMN,1420,Human Resources and Benefits,241,55204490,1329888,56534377,0.0235,"per pupil, in-district FTE",0,30.0,52.0,86.0,551,39,153 of 241,sources/state-dese/district-expenditures-by-function.xlsx
2022,detail,ADMN,1430,Legal Service for School Committee,311,25071386,163613,25235000,0.0065,"per pupil, in-district FTE",0,15.0,25.0,40.0,164,40,78 of 311,sources/state-dese/district-expenditures-by-function.xlsx
2022,detail,ADMN,1435,Legal Settlements,45,4151698,0,4151698,0.0000,"per pupil, in-district FTE",0,3.0,10.0,18.0,193,,,sources/state-dese/district-expenditures-by-function.xlsx
2022,detail,ADMN,1450,Administrative Technology-Districtwide,270,58604040,3968677,62572716,0.0634,"per pupil, in-district FTE",1,34.0,65.0,114.8,655,215,18 of 270,sources/state-dese/district-expenditures-by-function.xlsx
2022,detail,BENE,5100,Employer Retirement Contributions,313,537993661,27893355,565887015,0.0493,"per pupil, in-district FTE",16,499.0,659.0,850.0,4557,344,294 of 313,sources/state-dese/district-expenditures-by-function.xlsx
2022,detail,BENE,5150,Employee Separation Costs,270,39409356,5934069,45343425,0.1309,"per pupil, in-district FTE",0,13.0,27.0,58.0,812,8,232 of 270,sources/state-dese/district-expenditures-by-function.xlsx
2022,detail,BENE,5200,Insurance for Active Employees,318,1645161122,56791251,1701952375,0.0334,"per pupil, in-district FTE",327,1508.5,1872.5,2338.2,7963,1769,179 of 318,sources/state-dese/district-expenditures-by-function.xlsx
2022,detail,BENE,5250,Insurance for Retired School Employees,309,485151211,1597926,486749137,0.0033,"per pupil, in-district FTE",26,338.0,497.0,733.0,2777,687,96 of 309,sources/state-dese/district-expenditures-by-function.xlsx
2022,detail,BENE,5260,Other Non-Employee Insurance,306,77241914,260667,77502581,0.0034,"per pupil, in-district FTE",0,66.2,106.5,186.0,910,111,145 of 306,sources/state-dese/district-expenditures-by-function.xlsx
2022,detail,BENE,5300,Rental Lease of Equipment,101,7663029,904100,8567130,0.1055,"per pupil, in-district FTE",0,7.0,22.0,38.0,890,,,sources/state-dese/district-expenditures-by-function.xlsx
2022,detail,BENE,5350,Rental Lease of Buildings,57,9634506,1016812,10651318,0.0955,"per pupil, in-district FTE",0,6.0,17.0,36.0,285,,,sources/state-dese/district-expenditures-by-function.xlsx
2022,detail,BENE,5400,Short Term Interest RANs,2,468656,0,468656,0.0000,"per pupil, in-district FTE",0,38.0,76.0,114.0,152,,,sources/state-dese/district-expenditures-by-function.xlsx
2022,detail,BENE,5500,Other Fixed Charges,101,14238797,145509,14384306,0.0101,"per pupil, in-district FTE",0,2.0,6.0,11.0,218,,,sources/state-dese/district-expenditures-by-function.xlsx
2022,detail,BENE,5550,School Crossing Guards,137,15985155,59175,16044330,0.0037,"per pupil, in-district FTE",1,9.0,17.0,32.0,85,,,sources/state-dese/district-expenditures-by-function.xlsx
2022,detail,GUID,2710,Guidance incl Adjustment Counselors,308,364015076,26280608,390295684,0.0673,"per pupil, in-district FTE",7,355.8,466.5,600.5,1326,506,126 of 308,sources/state-dese/district-expenditures-by-function.xlsx
2022,detail,GUID,2720,Testing and Assessment,250,18810118,6435708,25245827,0.2549,"per pupil, in-district FTE",0,6.0,15.0,39.5,636,,,sources/state-dese/district-expenditures-by-function.xlsx
2022,detail,GUID,2800,Psychological Services,310,157421626,10819239,168240865,0.0643,"per pupil, in-district FTE",15,110.0,166.0,277.5,1127,101,245 of 310,sources/state-dese/district-expenditures-by-function.xlsx
2022,detail,LDRS,2110,Curriculum Directors and Dept. Heads (Supervisory),315,279919156,51288032,331207189,0.1549,"per pupil, in-district FTE",7,182.5,285.0,422.0,1877,377,96 of 315,sources/state-dese/district-expenditures-by-function.xlsx
2022,detail,LDRS,2120,Curriculum Directors and Dept. Heads (Non-Supervisory),228,102711364,19117589,121828953,0.1569,"per pupil, in-district FTE",0,36.2,93.5,210.2,810,25,183 of 228,sources/state-dese/district-expenditures-by-function.xlsx
2022,detail,LDRS,2130,Instructional Technology Leadership and Training,181,43210455,5435874,48646329,0.1117,"per pupil, in-district FTE",0,41.0,77.0,141.0,477,18,160 of 181,sources/state-dese/district-expenditures-by-function.xlsx
2022,detail,LDRS,2210,School Leadership,318,605016220,26873582,631889802,0.0425,"per pupil, in-district FTE",70,597.2,687.0,824.8,2412,784,97 of 318,sources/state-dese/district-expenditures-by-function.xlsx
2022,detail,LDRS,2250,Administrative Technology and Support (Schools),191,14141547,2308191,16449739,0.1403,"per pupil, in-district FTE",0,6.0,20.0,68.5,558,12,114 of 191,sources/state-dese/district-expenditures-by-function.xlsx
2022,detail,MATL,2410,Textbooks,310,42298485,28090624,70389103,0.3991,"per pupil, in-district FTE",0,27.0,55.0,106.0,1074,19,254 of 310,sources/state-dese/district-expenditures-by-function.xlsx
2022,detail,MATL,2415,Other Instructional Matls (Libraries),310,38087744,43329605,81417349,0.5322,"per pupil, in-district FTE",0,12.0,41.5,127.8,1643,54,139 of 310,sources/state-dese/district-expenditures-by-function.xlsx
2022,detail,MATL,2420,Instructional Equipment,277,25994396,27726185,53720581,0.5161,"per pupil, in-district FTE",0,9.0,29.0,68.0,1653,40,111 of 277,sources/state-dese/district-expenditures-by-function.xlsx
2022,detail,MATL,2430,General Classroom Supplies,314,60220967,30927919,91148893,0.3393,"per pupil, in-district FTE",1,53.2,106.0,152.0,1189,30,268 of 314,sources/state-dese/district-expenditures-by-function.xlsx
2022,detail,MATL,2440,Other Instructional Services,300,78114617,129769341,207883957,0.6242,"per pupil, in-district FTE",0,23.8,67.5,181.8,1502,3,278 of 300,sources/state-dese/district-expenditures-by-function.xlsx
2022,detail,MATL,2451,Instructional Hardware - Student and Staff Devices (computers),289,48518244,31240036,79758280,0.3917,"per pupil, in-district FTE",0,29.0,84.0,167.0,729,27,220 of 289,sources/state-dese/district-expenditures-by-function.xlsx
2022,detail,MATL,2453,Instructional Hardware - All Other,214,24358061,11553247,35911309,0.3217,"per pupil, in-district FTE",0,9.0,27.5,72.5,1057,,,sources/state-dese/district-expenditures-by-function.xlsx
2022,detail,MATL,2455,Instructional Software and Other Instructional Materials,280,26933034,18514010,45447044,0.4074,"per pupil, in-district FTE",0,25.0,53.0,86.0,500,21,221 of 280,sources/state-dese/district-expenditures-by-function.xlsx
2022,detail,ODTR,9130,Charter Transportation Tuition,8,5751898,0,5751898,0.0000,not published — DESE prints 0 per pupil against out-of-district rows,,,,,,,,sources/state-dese/district-expenditures-by-function.xlsx
2022,detail,OPMN,4110,Custodial Services,315,390032751,25490614,415523362,0.0613,"per pupil, in-district FTE",6,414.0,514.0,626.0,2362,560,116 of 315,sources/state-dese/district-expenditures-by-function.xlsx
2022,detail,OPMN,4120,Heating of Buildings,299,98142272,1281398,99423671,0.0129,"per pupil, in-district FTE",0,102.5,133.0,181.0,956,65,283 of 299,sources/state-dese/district-expenditures-by-function.xlsx
2022,detail,OPMN,4130,Utility Services,316,230434552,4572901,235007453,0.0195,"per pupil, in-district FTE",3,205.0,266.0,346.0,2797,154,288 of 316,sources/state-dese/district-expenditures-by-function.xlsx
2022,detail,OPMN,4210,Maintenance of Grounds,298,73198587,2807427,76006009,0.0369,"per pupil, in-district FTE",1,33.0,63.0,133.5,907,56,168 of 298,sources/state-dese/district-expenditures-by-function.xlsx
2022,detail,OPMN,4220,Maintenance of Buildings,315,288317980,38273116,326591097,0.1172,"per pupil, in-district FTE",13,191.0,297.0,426.5,2752,107,288 of 315,sources/state-dese/district-expenditures-by-function.xlsx
2022,detail,OPMN,4225,Building Security System,148,5898887,739227,6638113,0.1114,"per pupil, in-district FTE",0,3.0,11.0,25.2,122,,,sources/state-dese/district-expenditures-by-function.xlsx
2022,detail,OPMN,4230,Maintenance of Equipment,283,27149053,4632441,31781493,0.1458,"per pupil, in-district FTE",0,13.0,35.0,80.5,369,107,55 of 283,sources/state-dese/district-expenditures-by-function.xlsx
2022,detail,OPMN,4300,Extraordinary Maintenance,105,22152434,6929482,29081916,0.2383,"per pupil, in-district FTE",0,13.0,45.0,116.0,2353,53,48 of 105,sources/state-dese/district-expenditures-by-function.xlsx
2022,detail,OPMN,4400,"Technology Infrastructure, Maintenance, and Support - Salaries",250,79421405,2078152,81499557,0.0255,"per pupil, in-district FTE",5,88.0,129.0,177.8,447,,,sources/state-dese/district-expenditures-by-function.xlsx
2022,detail,OPMN,4450,"Technology Infrastructure, Maintenance, and Support - All Other",251,45181493,5920316,51101806,0.1159,"per pupil, in-district FTE",0,25.5,52.0,100.0,747,121,38 of 251,sources/state-dese/district-expenditures-by-function.xlsx
2022,detail,PDEV,2351,Professional Development Leadership,150,10016923,4496274,14513197,0.3098,"per pupil, in-district FTE",0,4.0,15.0,40.5,302,14,78 of 150,sources/state-dese/district-expenditures-by-function.xlsx
2022,detail,PDEV,2352,Instructional Coaches,126,52447873,16013760,68461633,0.2339,"per pupil, in-district FTE",0,9.2,58.0,182.0,651,22,87 of 126,sources/state-dese/district-expenditures-by-function.xlsx
2022,detail,PDEV,2354,Stipends for Teachers Providing Instructional Coaching,230,7798441,7688404,15486845,0.4964,"per pupil, in-district FTE",0,8.0,16.5,37.8,267,65,29 of 230,sources/state-dese/district-expenditures-by-function.xlsx
2022,detail,PDEV,2356,Costs for Instructional Staff to Attend Professional Development,301,36391156,19155256,55546411,0.3449,"per pupil, in-district FTE",0,20.0,41.0,78.0,430,30,192 of 301,sources/state-dese/district-expenditures-by-function.xlsx
2022,detail,PDEV,2358,Outside Professional Development Providers for Instructional Staff,278,18362461,30456288,48818749,0.6239,"per pupil, in-district FTE",0,18.0,40.0,70.8,542,,,sources/state-dese/district-expenditures-by-function.xlsx
2022,detail,SERV,3100,Attendance and Parent Liaison Services,140,31597140,8278458,39875599,0.2076,"per pupil, in-district FTE",0,4.0,24.0,67.8,601,,,sources/state-dese/district-expenditures-by-function.xlsx
2022,detail,SERV,3200,Medical/Health Services,318,197542485,28304076,225846563,0.1253,"per pupil, in-district FTE",4,201.0,242.0,319.2,976,223,194 of 318,sources/state-dese/district-expenditures-by-function.xlsx
2022,detail,SERV,3300,Transportation Services,317,635252223,55537820,690790050,0.0804,"per pupil, in-district FTE",-488,567.0,722.0,982.0,2909,527,256 of 317,sources/state-dese/district-expenditures-by-function.xlsx
2022,detail,SERV,3400,Food Services,312,14588351,471391475,485979824,0.9700,"per pupil, in-district FTE",3,397.8,473.0,576.0,1499,392,236 of 312,sources/state-dese/district-expenditures-by-function.xlsx
2022,detail,SERV,3510,Athletics,267,141656413,36537955,178194370,0.2050,"per pupil, in-district FTE",1,175.0,243.0,352.0,912,291,95 of 267,sources/state-dese/district-expenditures-by-function.xlsx
2022,detail,SERV,3520,Other Student Activities,285,39243548,45930550,85174095,0.5393,"per pupil, in-district FTE",0,42.0,76.0,153.0,974,28,243 of 285,sources/state-dese/district-expenditures-by-function.xlsx
2022,detail,SERV,3600,School Security,198,46929455,2866817,49796272,0.0576,"per pupil, in-district FTE",0,20.0,40.0,83.8,603,,,sources/state-dese/district-expenditures-by-function.xlsx
2022,detail,TCHR,2305,"Teachers, Classroom",318,6044260144,419344453,6463604596,0.0649,"per pupil, in-district FTE",4399,6498.5,7238.0,8378.0,20580,5878,297 of 318,sources/state-dese/district-expenditures-by-function.xlsx
2022,detail,TSER,2320,Medical/ Therapeutic Services,302,346099829,24459577,370559406,0.0660,"per pupil, in-district FTE",1,293.2,440.5,582.5,2533,318,219 of 302,sources/state-dese/district-expenditures-by-function.xlsx
2022,detail,TSER,2324,"Substitutes, Long-Term",233,47123230,4164281,51287511,0.0812,"per pupil, in-district FTE",0,32.0,64.0,109.0,710,21,188 of 233,sources/state-dese/district-expenditures-by-function.xlsx
2022,detail,TSER,2325,"Substitutes, Short-Term",316,107147969,7466864,114614833,0.0651,"per pupil, in-district FTE",3,76.0,111.0,154.2,410,80,231 of 316,sources/state-dese/district-expenditures-by-function.xlsx
2022,detail,TSER,2330,Paraprofessionals,318,670647212,169906537,840553750,0.2021,"per pupil, in-district FTE",88,717.5,919.0,1225.0,3623,929,157 of 318,sources/state-dese/district-expenditures-by-function.xlsx
2022,detail,TSER,2340,Librarians/Media Center Directors,294,75325153,1644684,76969837,0.0214,"per pupil, in-district FTE",1,63.0,109.5,160.8,869,134,113 of 294,sources/state-dese/district-expenditures-by-function.xlsx
2022,detail,TSER,2345,Distance Learning and Online Coursework,84,6873777,5145649,12019426,0.4281,"per pupil, in-district FTE",0,2.8,6.0,11.2,220,,,sources/state-dese/district-expenditures-by-function.xlsx
2022,detail,TUIT,9100,Tuition to Mass. Schools,248,63923106,6619009,70542114,0.0938,not published — DESE prints 0 per pupil against out-of-district rows,,,,,,,,sources/state-dese/district-expenditures-by-function.xlsx
2022,detail,TUIT,9110,Tuition for School Choice,305,121873933,0,121873933,0.0000,not published — DESE prints 0 per pupil against out-of-district rows,,,,,,,,sources/state-dese/district-expenditures-by-function.xlsx
2022,detail,TUIT,9120,Tuition to Commonwealth Charter Schools,255,789330757,0,789330757,0.0000,not published — DESE prints 0 per pupil against out-of-district rows,,,,,,,,sources/state-dese/district-expenditures-by-function.xlsx
2022,detail,TUIT,9125,Tuition to Horace Mann Charter Schools,2,32576865,117784,32694649,0.0036,not published — DESE prints 0 per pupil against out-of-district rows,,,,,,,,sources/state-dese/district-expenditures-by-function.xlsx
2022,detail,TUIT,9200,Tuition to Out-of-State Schools,88,17833087,5757580,23590668,0.2441,not published — DESE prints 0 per pupil against out-of-district rows,,,,,,,,sources/state-dese/district-expenditures-by-function.xlsx
2022,detail,TUIT,9300,Tuition to Non-Public Schools,264,376979035,282702709,659681747,0.4285,not published — DESE prints 0 per pupil against out-of-district rows,,,,,,,,sources/state-dese/district-expenditures-by-function.xlsx
2022,detail,TUIT,9400,Tuition to Collaboratives,254,189678275,72484307,262162581,0.2765,not published — DESE prints 0 per pupil against out-of-district rows,,,,,,,,sources/state-dese/district-expenditures-by-function.xlsx
2022,rollup,IIII,IIII,In-district Expenditure,318,15100862574,2049185852,17150048424,0.1195,"per pupil, in-district FTE",13270,17032.8,19196.5,22403.0,46471,15873,278 of 318,sources/state-dese/district-expenditures-by-function.xlsx
2022,rollup,OODD,OODD,Out-of-district Expenditure,312,1791533051,367681388,2159214436,0.1703,not published — DESE prints 0 per pupil against out-of-district rows,,,,,,,,sources/state-dese/district-expenditures-by-function.xlsx
2022,total,TTPP,TTPP,"Expenditure (Admin, Instruction, Operations)",318,16892395616,2416867237,19309262852,0.1252,"per pupil, in-district FTE",13827,17637.0,19552.5,22446.0,43690,15864,301 of 318,sources/state-dese/district-expenditures-by-function.xlsx
2023,category,ADMN,ADMN,Administration,320,587170678,43465705,630636385,0.0689,"per pupil, in-district FTE",246,580.2,716.0,930.2,3826,805,120 of 320,sources/state-dese/district-expenditures-by-function.xlsx
2023,category,BENE,BENE,"Insurance, Retirement Programs and Other",320,2995745015,86387430,3082132444,0.0280,"per pupil, in-district FTE",249,2835.5,3370.5,4128.0,10659,3573,140 of 320,sources/state-dese/district-expenditures-by-function.xlsx
2023,category,COMM,COMM,Community Activities,2,84854,0,84854,0.0000,"per pupil, in-district FTE",0,7.2,14.5,21.8,29,,,sources/state-dese/district-expenditures-by-function.xlsx
2023,category,GUID,GUID,"Guidance, Counseling and Testing",319,583517329,50174969,633692299,0.0792,"per pupil, in-district FTE",128,581.0,718.0,907.0,1909,795,123 of 319,sources/state-dese/district-expenditures-by-function.xlsx
2023,category,LDRS,LDRS,Instructional Leadership,320,1097607680,109525141,1207132821,0.0907,"per pupil, in-district FTE",549,1052.5,1301.5,1594.8,3773,1209,184 of 320,sources/state-dese/district-expenditures-by-function.xlsx
2023,category,MATL,MATL,"Instructional Materials, Equipment and Technology",320,376671294,418682745,795354042,0.5264,"per pupil, in-district FTE",111,421.0,606.5,973.2,4733,262,302 of 320,sources/state-dese/district-expenditures-by-function.xlsx
2023,category,ODTR,ODTR,Out-of-district Transportation,277,236104381,0,236104381,0.0000,not published — DESE prints 0 per pupil against out-of-district rows,,,,,,,,sources/state-dese/district-expenditures-by-function.xlsx
2023,category,OPMN,OPMN,Operations and Maintenance,320,1365692029,145095646,1510787681,0.0960,"per pupil, in-district FTE",42,1384.2,1691.0,2047.5,5538,1190,288 of 320,sources/state-dese/district-expenditures-by-function.xlsx
2023,category,PDEV,PDEV,Professional Development,320,136166117,119899678,256065794,0.4682,"per pupil, in-district FTE",11,95.5,164.5,277.2,1551,230,106 of 320,sources/state-dese/district-expenditures-by-function.xlsx
2023,category,SERV,SERV,Pupil Services,320,1200677614,749241121,1949918739,0.3842,"per pupil, in-district FTE",11,1738.2,2069.0,2601.5,5620,1772,233 of 320,sources/state-dese/district-expenditures-by-function.xlsx
2023,category,TCHR,TCHR,Teachers,320,6372835106,426337716,6799172825,0.0627,"per pupil, in-district FTE",3019,6836.0,7604.5,8732.5,22098,6262,284 of 320,sources/state-dese/district-expenditures-by-function.xlsx
2023,category,TSER,TSER,Other Teaching Services,320,1365412307,223269004,1588681312,0.1405,"per pupil, in-district FTE",148,1409.2,1760.5,2189.2,7162,1596,197 of 320,sources/state-dese/district-expenditures-by-function.xlsx
2023,detail,ADMN,1110,School Committee,312,27410815,3531157,30941972,0.1141,"per pupil, in-district FTE",0,8.0,16.0,42.2,578,3,286 of 312,sources/state-dese/district-expenditures-by-function.xlsx
2023,detail,ADMN,1210,Superintendent,318,97146525,2452394,99598920,0.0246,"per pupil, in-district FTE",15,98.5,149.5,239.5,1258,204,101 of 318,sources/state-dese/district-expenditures-by-function.xlsx
2023,detail,ADMN,1220,Assistant Superintendents,168,43055053,1122090,44177143,0.0254,"per pupil, in-district FTE",0,46.5,65.0,90.0,326,,,sources/state-dese/district-expenditures-by-function.xlsx
2023,detail,ADMN,1230,Other District-Wide Administration,194,52924481,21926555,74851038,0.2929,"per pupil, in-district FTE",0,26.0,54.0,91.5,873,29,136 of 194,sources/state-dese/district-expenditures-by-function.xlsx
2023,detail,ADMN,1410,Business and Finance,316,202875384,4694276,207569661,0.0226,"per pupil, in-district FTE",34,193.0,261.5,367.0,2184,244,181 of 316,sources/state-dese/district-expenditures-by-function.xlsx
2023,detail,ADMN,1420,Human Resources and Benefits,244,58767175,4633634,63400806,0.0731,"per pupil, in-district FTE",2,36.8,60.0,97.0,584,41,170 of 244,sources/state-dese/district-expenditures-by-function.xlsx
2023,detail,ADMN,1430,Legal Service for School Committee,312,24728545,551897,25280443,0.0218,"per pupil, in-district FTE",3,16.0,25.5,41.0,165,23,173 of 312,sources/state-dese/district-expenditures-by-function.xlsx
2023,detail,ADMN,1435,Legal Settlements,58,7748350,0,7748350,0.0000,"per pupil, in-district FTE",0,4.2,10.0,22.0,298,,,sources/state-dese/district-expenditures-by-function.xlsx
2023,detail,ADMN,1450,Administrative Technology-Districtwide,269,68799659,3850544,72650204,0.0530,"per pupil, in-district FTE",0,40.0,75.0,136.0,1083,261,12 of 269,sources/state-dese/district-expenditures-by-function.xlsx
2023,detail,BENE,5100,Employer Retirement Contributions,314,570947519,24569610,595517130,0.0413,"per pupil, in-district FTE",4,537.0,713.0,900.5,4673,413,282 of 314,sources/state-dese/district-expenditures-by-function.xlsx
2023,detail,BENE,5150,Employee Separation Costs,266,35429782,6604783,42034564,0.1571,"per pupil, in-district FTE",0,13.0,24.0,52.5,1266,24,133 of 266,sources/state-dese/district-expenditures-by-function.xlsx
2023,detail,BENE,5200,Insurance for Active Employees,318,1748714911,51408417,1800123323,0.0286,"per pupil, in-district FTE",249,1610.0,1952.0,2483.2,5877,2260,112 of 318,sources/state-dese/district-expenditures-by-function.xlsx
2023,detail,BENE,5250,Insurance for Retired School Employees,310,505579491,1828218,507407711,0.0036,"per pupil, in-district FTE",48,359.0,524.5,776.8,3545,778,78 of 310,sources/state-dese/district-expenditures-by-function.xlsx
2023,detail,BENE,5260,Other Non-Employee Insurance,306,85487983,278373,85766357,0.0032,"per pupil, in-district FTE",0,75.2,116.5,193.5,1057,98,190 of 306,sources/state-dese/district-expenditures-by-function.xlsx
2023,detail,BENE,5300,Rental Lease of Equipment,97,7690602,255141,7945743,0.0321,"per pupil, in-district FTE",0,4.0,25.0,41.0,905,,,sources/state-dese/district-expenditures-by-function.xlsx
2023,detail,BENE,5350,Rental Lease of Buildings,50,8754231,940640,9694870,0.0970,"per pupil, in-district FTE",0,6.0,23.0,48.2,320,,,sources/state-dese/district-expenditures-by-function.xlsx
2023,detail,BENE,5400,Short Term Interest RANs,2,1950799,0,1950799,0.0000,"per pupil, in-district FTE",190,258.0,326.0,394.0,462,,,sources/state-dese/district-expenditures-by-function.xlsx
2023,detail,BENE,5500,Other Fixed Charges,98,10752688,275081,11027768,0.0249,"per pupil, in-district FTE",0,3.0,6.0,16.8,570,,,sources/state-dese/district-expenditures-by-function.xlsx
2023,detail,BENE,5550,School Crossing Guards,138,16532480,187675,16720154,0.0112,"per pupil, in-district FTE",0,9.0,17.5,32.0,76,,,sources/state-dese/district-expenditures-by-function.xlsx
2023,detail,GUID,2710,Guidance incl Adjustment Counselors,306,391242582,32646722,423889305,0.0770,"per pupil, in-district FTE",51,383.0,509.0,652.5,1793,585,112 of 306,sources/state-dese/district-expenditures-by-function.xlsx
2023,detail,GUID,2720,Testing and Assessment,261,19048495,6876327,25924823,0.2652,"per pupil, in-district FTE",0,6.0,14.0,42.0,642,,,sources/state-dese/district-expenditures-by-function.xlsx
2023,detail,GUID,2800,Psychological Services,311,170569514,10542317,181111831,0.0582,"per pupil, in-district FTE",5,113.0,178.0,295.0,1100,210,121 of 311,sources/state-dese/district-expenditures-by-function.xlsx
2023,detail,LDRS,2110,Curriculum Directors and Dept. Heads (Supervisory),310,289448376,52332665,341781041,0.1531,"per pupil, in-district FTE",23,197.2,318.0,442.2,1742,353,130 of 310,sources/state-dese/district-expenditures-by-function.xlsx
2023,detail,LDRS,2120,Curriculum Directors and Dept. Heads (Non-Supervisory),237,107952286,22095214,130047501,0.1699,"per pupil, in-district FTE",0,42.0,101.0,235.0,834,32,188 of 237,sources/state-dese/district-expenditures-by-function.xlsx
2023,detail,LDRS,2130,Instructional Technology Leadership and Training,176,43421515,5245481,48666996,0.1078,"per pupil, in-district FTE",0,44.0,84.0,157.8,572,20,158 of 176,sources/state-dese/district-expenditures-by-function.xlsx
2023,detail,LDRS,2210,School Leadership,318,637191972,26746667,663938639,0.0403,"per pupil, in-district FTE",74,630.0,717.5,870.5,2861,749,135 of 318,sources/state-dese/district-expenditures-by-function.xlsx
2023,detail,LDRS,2250,Administrative Technology and Support (Schools),191,15539301,1821316,17360616,0.1049,"per pupil, in-district FTE",0,5.0,18.0,63.5,642,56,53 of 191,sources/state-dese/district-expenditures-by-function.xlsx
2023,detail,MATL,2410,Textbooks,305,38012876,29592624,67605501,0.4377,"per pupil, in-district FTE",1,25.0,53.0,109.0,669,14,262 of 305,sources/state-dese/district-expenditures-by-function.xlsx
2023,detail,MATL,2415,Other Instructional Matls (Libraries),310,41501609,70067969,111569578,0.6280,"per pupil, in-district FTE",0,15.0,51.5,134.2,1415,87,117 of 310,sources/state-dese/district-expenditures-by-function.xlsx
2023,detail,MATL,2420,Instructional Equipment,279,26339099,35685283,62024382,0.5753,"per pupil, in-district FTE",0,10.0,29.0,72.0,2969,28,141 of 279,sources/state-dese/district-expenditures-by-function.xlsx
2023,detail,MATL,2430,General Classroom Supplies,305,75161951,36961114,112123051,0.3296,"per pupil, in-district FTE",1,63.0,109.0,156.0,2796,43,257 of 305,sources/state-dese/district-expenditures-by-function.xlsx
2023,detail,MATL,2440,Other Instructional Services,305,81666548,159020659,240687207,0.6607,"per pupil, in-district FTE",0,28.0,91.0,229.0,2138,63,184 of 305,sources/state-dese/district-expenditures-by-function.xlsx
2023,detail,MATL,2451,Instructional Hardware - Student and Staff Devices (computers),285,53691817,59087915,112779732,0.5239,"per pupil, in-district FTE",0,20.0,74.0,162.0,984,25,206 of 285,sources/state-dese/district-expenditures-by-function.xlsx
2023,detail,MATL,2453,Instructional Hardware - All Other,211,16317252,10372670,26689923,0.3886,"per pupil, in-district FTE",0,7.0,26.0,65.5,607,,,sources/state-dese/district-expenditures-by-function.xlsx
2023,detail,MATL,2455,Instructional Software and Other Instructional Materials,283,31304205,17584663,48888868,0.3597,"per pupil, in-district FTE",0,23.5,51.0,88.5,394,2,272 of 283,sources/state-dese/district-expenditures-by-function.xlsx
2023,detail,ODTR,9130,Charter Transportation Tuition,7,5646705,0,5646705,0.0000,not published — DESE prints 0 per pupil against out-of-district rows,,,,,,,,sources/state-dese/district-expenditures-by-function.xlsx
2023,detail,OPMN,4110,Custodial Services,316,421153352,17085104,438238464,0.0390,"per pupil, in-district FTE",48,433.0,534.5,640.2,1996,578,119 of 316,sources/state-dese/district-expenditures-by-function.xlsx
2023,detail,OPMN,4120,Heating of Buildings,298,94768193,1943881,96712076,0.0201,"per pupil, in-district FTE",1,99.2,136.5,195.5,1127,89,245 of 298,sources/state-dese/district-expenditures-by-function.xlsx
2023,detail,OPMN,4130,Utility Services,317,256055717,6548866,262604582,0.0249,"per pupil, in-district FTE",3,217.0,284.0,377.0,1172,177,275 of 317,sources/state-dese/district-expenditures-by-function.xlsx
2023,detail,OPMN,4210,Maintenance of Grounds,299,75797300,4622086,80419387,0.0575,"per pupil, in-district FTE",0,38.0,67.0,129.5,956,131,73 of 299,sources/state-dese/district-expenditures-by-function.xlsx
2023,detail,OPMN,4220,Maintenance of Buildings,317,325281763,81000619,406282385,0.1994,"per pupil, in-district FTE",0,214.0,312.0,461.0,3196,108,298 of 317,sources/state-dese/district-expenditures-by-function.xlsx
2023,detail,OPMN,4225,Building Security System,147,5920385,1509464,7429849,0.2032,"per pupil, in-district FTE",0,5.0,13.0,34.5,240,,,sources/state-dese/district-expenditures-by-function.xlsx
2023,detail,OPMN,4230,Maintenance of Equipment,278,28010986,13629529,41640515,0.3273,"per pupil, in-district FTE",0,13.0,36.0,83.8,838,38,130 of 278,sources/state-dese/district-expenditures-by-function.xlsx
2023,detail,OPMN,4300,Extraordinary Maintenance,101,23890820,6291898,30182719,0.2085,"per pupil, in-district FTE",1,15.0,54.0,143.0,2187,45,57 of 101,sources/state-dese/district-expenditures-by-function.xlsx
2023,detail,OPMN,4400,"Technology Infrastructure, Maintenance, and Support - Salaries",251,90974574,2174444,93149017,0.0233,"per pupil, in-district FTE",3,98.5,140.0,199.5,388,,,sources/state-dese/district-expenditures-by-function.xlsx
2023,detail,OPMN,4450,"Technology Infrastructure, Maintenance, and Support - All Other",253,43662358,10289758,53952116,0.1907,"per pupil, in-district FTE",0,20.0,50.0,98.0,844,24,180 of 253,sources/state-dese/district-expenditures-by-function.xlsx
2023,detail,PDEV,2351,Professional Development Leadership,164,10842184,7384731,18226915,0.4052,"per pupil, in-district FTE",0,4.0,11.0,35.2,671,37,39 of 164,sources/state-dese/district-expenditures-by-function.xlsx
2023,detail,PDEV,2352,Instructional Coaches,125,53562755,22799257,76362012,0.2986,"per pupil, in-district FTE",0,10.0,64.0,189.0,748,59,67 of 125,sources/state-dese/district-expenditures-by-function.xlsx
2023,detail,PDEV,2354,Stipends for Teachers Providing Instructional Coaching,224,8473347,22108597,30581943,0.7229,"per pupil, in-district FTE",0,9.8,20.0,43.2,811,77,27 of 224,sources/state-dese/district-expenditures-by-function.xlsx
2023,detail,PDEV,2356,Costs for Instructional Staff to Attend Professional Development,303,40888076,32426567,73314642,0.4423,"per pupil, in-district FTE",0,23.5,49.0,84.0,595,0,303 of 303,sources/state-dese/district-expenditures-by-function.xlsx
2023,detail,PDEV,2358,Outside Professional Development Providers for Instructional Staff,288,22276635,34849860,57126495,0.6100,"per pupil, in-district FTE",0,22.8,51.0,88.5,641,57,130 of 288,sources/state-dese/district-expenditures-by-function.xlsx
2023,detail,SERV,3100,Attendance and Parent Liaison Services,142,39902804,9619715,49522517,0.1942,"per pupil, in-district FTE",0,5.2,27.0,67.8,371,,,sources/state-dese/district-expenditures-by-function.xlsx
2023,detail,SERV,3200,Medical/Health Services,316,205598138,23975265,229573404,0.1044,"per pupil, in-district FTE",26,201.0,246.5,322.0,1222,175,278 of 316,sources/state-dese/district-expenditures-by-function.xlsx
2023,detail,SERV,3300,Transportation Services,317,683732466,78011847,761744306,0.1024,"per pupil, in-district FTE",-185,617.0,816.0,1095.0,4363,660,219 of 317,sources/state-dese/district-expenditures-by-function.xlsx
2023,detail,SERV,3400,Food Services,314,23976281,531405802,555382083,0.9568,"per pupil, in-district FTE",0,477.2,571.5,690.8,1717,508,211 of 314,sources/state-dese/district-expenditures-by-function.xlsx
2023,detail,SERV,3510,Athletics,267,152249717,48392224,200641950,0.2412,"per pupil, in-district FTE",14,203.5,275.0,386.0,1588,416,58 of 267,sources/state-dese/district-expenditures-by-function.xlsx
2023,detail,SERV,3520,Other Student Activities,286,41977343,53146117,95123461,0.5587,"per pupil, in-district FTE",0,50.0,91.5,178.0,861,13,276 of 286,sources/state-dese/district-expenditures-by-function.xlsx
2023,detail,SERV,3600,School Security,208,53147198,4645201,57792398,0.0804,"per pupil, in-district FTE",0,23.0,54.0,104.5,415,,,sources/state-dese/district-expenditures-by-function.xlsx
2023,detail,TCHR,2305,"Teachers, Classroom",318,6360323559,424645132,6784968694,0.0626,"per pupil, in-district FTE",4834,6853.8,7607.0,8737.5,22098,6262,284 of 318,sources/state-dese/district-expenditures-by-function.xlsx
2023,detail,TSER,2320,Medical/ Therapeutic Services,305,367467176,28332280,395799456,0.0716,"per pupil, in-district FTE",1,298.0,470.0,628.0,2198,325,215 of 305,sources/state-dese/district-expenditures-by-function.xlsx
2023,detail,TSER,2324,"Substitutes, Long-Term",222,50557895,3346630,53904525,0.0621,"per pupil, in-district FTE",0,31.0,70.0,114.0,663,24,191 of 222,sources/state-dese/district-expenditures-by-function.xlsx
2023,detail,TSER,2325,"Substitutes, Short-Term",317,119027913,12047948,131075862,0.0919,"per pupil, in-district FTE",0,88.0,124.0,172.0,481,96,215 of 317,sources/state-dese/district-expenditures-by-function.xlsx
2023,detail,TSER,2330,Paraprofessionals,318,738351925,172443202,910795126,0.1893,"per pupil, in-district FTE",120,781.0,987.5,1292.0,3868,1035,144 of 318,sources/state-dese/district-expenditures-by-function.xlsx
2023,detail,TSER,2340,Librarians/Media Center Directors,290,80253462,1800522,82053984,0.0219,"per pupil, in-district FTE",2,65.2,114.0,171.0,918,116,143 of 290,sources/state-dese/district-expenditures-by-function.xlsx
2023,detail,TSER,2345,Distance Learning and Online Coursework,93,8350865,4575309,12926174,0.3540,"per pupil, in-district FTE",0,1.0,5.0,13.0,231,,,sources/state-dese/district-expenditures-by-function.xlsx
2023,detail,TUIT,9100,Tuition to Mass. Schools,237,66356058,11578322,77934383,0.1486,not published — DESE prints 0 per pupil against out-of-district rows,,,,,,,,sources/state-dese/district-expenditures-by-function.xlsx
2023,detail,TUIT,9110,Tuition for School Choice,308,128543781,0,128543781,0.0000,not published — DESE prints 0 per pupil against out-of-district rows,,,,,,,,sources/state-dese/district-expenditures-by-function.xlsx
2023,detail,TUIT,9120,Tuition to Commonwealth Charter Schools,257,862170196,0,862170196,0.0000,not published — DESE prints 0 per pupil against out-of-district rows,,,,,,,,sources/state-dese/district-expenditures-by-function.xlsx
2023,detail,TUIT,9125,Tuition to Horace Mann Charter Schools,2,32704339,5011,32709350,0.0002,not published — DESE prints 0 per pupil against out-of-district rows,,,,,,,,sources/state-dese/district-expenditures-by-function.xlsx
2023,detail,TUIT,9200,Tuition to Out-of-State Schools,73,19071120,6724465,25795584,0.2607,not published — DESE prints 0 per pupil against out-of-district rows,,,,,,,,sources/state-dese/district-expenditures-by-function.xlsx
2023,detail,TUIT,9300,Tuition to Non-Public Schools,267,351707510,341989853,693697363,0.4930,not published — DESE prints 0 per pupil against out-of-district rows,,,,,,,,sources/state-dese/district-expenditures-by-function.xlsx
2023,detail,TUIT,9400,Tuition to Collaboratives,243,193319729,81321175,274640904,0.2961,not published — DESE prints 0 per pupil against out-of-district rows,,,,,,,,sources/state-dese/district-expenditures-by-function.xlsx
2023,rollup,IIII,IIII,In-district Expenditure,320,16081580018,2372079164,18453659182,0.1285,"per pupil, in-district FTE",11201,18078.5,20415.0,23995.8,51816,17695,256 of 320,sources/state-dese/district-expenditures-by-function.xlsx
2023,rollup,OODD,OODD,Out-of-district Expenditure,312,1889977107,441618822,2331595928,0.1894,not published — DESE prints 0 per pupil against out-of-district rows,,,,,,,,sources/state-dese/district-expenditures-by-function.xlsx
2023,total,TTPP,TTPP,"Expenditure (Admin, Instruction, Operations)",320,17971557128,2813697989,20785255119,0.1354,"per pupil, in-district FTE",11201,18875.5,20865.5,24110.5,48443,17684,282 of 320,sources/state-dese/district-expenditures-by-function.xlsx
2024,category,ADMN,ADMN,Administration,320,626658406,34907456,661565859,0.0528,"per pupil, in-district FTE",263,602.8,739.0,953.0,4601,733,162 of 320,sources/state-dese/district-expenditures-by-function.xlsx
2024,category,BENE,BENE,"Insurance, Retirement Programs and Other",320,3139884912,82238416,3222123326,0.0255,"per pupil, in-district FTE",311,3042.0,3556.5,4348.8,11418,2082,307 of 320,sources/state-dese/district-expenditures-by-function.xlsx
2024,category,COMM,COMM,Community Activities,2,65454,0,65454,0.0000,"per pupil, in-district FTE",0,5.5,11.0,16.5,22,,,sources/state-dese/district-expenditures-by-function.xlsx
2024,category,GUID,GUID,"Guidance, Counseling and Testing",320,627021319,48616191,675637511,0.0720,"per pupil, in-district FTE",5,622.0,746.5,956.8,2024,1001,66 of 320,sources/state-dese/district-expenditures-by-function.xlsx
2024,category,LDRS,LDRS,Instructional Leadership,320,1175417717,117646763,1293064480,0.0910,"per pupil, in-district FTE",595,1097.8,1380.5,1726.5,4141,1080,249 of 320,sources/state-dese/district-expenditures-by-function.xlsx
2024,category,MATL,MATL,"Instructional Materials, Equipment and Technology",320,422817521,390475609,813293126,0.4801,"per pupil, in-district FTE",91,429.2,627.0,1040.5,4297,441,234 of 320,sources/state-dese/district-expenditures-by-function.xlsx
2024,category,ODTR,ODTR,Out-of-district Transportation,278,251760422,0,251760422,0.0000,not published — DESE prints 0 per pupil against out-of-district rows,,,,,,,,sources/state-dese/district-expenditures-by-function.xlsx
2024,category,OPMN,OPMN,Operations and Maintenance,320,1430000881,203110806,1633111693,0.1244,"per pupil, in-district FTE",16,1462.0,1738.5,2223.2,6996,1472,236 of 320,sources/state-dese/district-expenditures-by-function.xlsx
2024,category,PDEV,PDEV,Professional Development,320,139076949,112862426,251939372,0.4480,"per pupil, in-district FTE",6,104.0,183.5,304.2,1012,18,314 of 320,sources/state-dese/district-expenditures-by-function.xlsx
2024,category,SERV,SERV,Pupil Services,320,1303310296,815971881,2119282171,0.3850,"per pupil, in-district FTE",6,1913.0,2255.0,2779.8,6705,978,317 of 320,sources/state-dese/district-expenditures-by-function.xlsx
2024,category,TCHR,TCHR,Teachers,320,6657714880,449300102,7107014985,0.0632,"per pupil, in-district FTE",3517,7125.2,7874.0,9086.8,22268,7133,238 of 320,sources/state-dese/district-expenditures-by-function.xlsx
2024,category,TSER,TSER,Other Teaching Services,320,1498508380,230030766,1728539147,0.1331,"per pupil, in-district FTE",444,1550.8,1926.0,2357.8,7836,2092,118 of 320,sources/state-dese/district-expenditures-by-function.xlsx
2024,detail,ADMN,1110,School Committee,313,27936435,1960409,29896845,0.0656,"per pupil, in-district FTE",0,8.0,17.0,38.0,1172,1,303 of 313,sources/state-dese/district-expenditures-by-function.xlsx
2024,detail,ADMN,1210,Superintendent,318,98010327,3354430,101364757,0.0331,"per pupil, in-district FTE",18,101.2,160.0,245.5,1428,241,81 of 318,sources/state-dese/district-expenditures-by-function.xlsx
2024,detail,ADMN,1220,Assistant Superintendents,169,45984841,1485836,47470679,0.0313,"per pupil, in-district FTE",0,49.0,71.0,93.0,459,,,sources/state-dese/district-expenditures-by-function.xlsx
2024,detail,ADMN,1230,Other District-Wide Administration,192,60742370,14251390,74993762,0.1900,"per pupil, in-district FTE",1,33.0,58.0,104.0,755,29,150 of 192,sources/state-dese/district-expenditures-by-function.xlsx
2024,detail,ADMN,1410,Business and Finance,315,216227399,5045304,221272696,0.0228,"per pupil, in-district FTE",75,197.0,278.0,391.5,2727,310,131 of 315,sources/state-dese/district-expenditures-by-function.xlsx
2024,detail,ADMN,1420,Human Resources and Benefits,255,63965518,3411250,67376766,0.0506,"per pupil, in-district FTE",0,38.5,62.0,95.5,586,18,224 of 255,sources/state-dese/district-expenditures-by-function.xlsx
2024,detail,ADMN,1430,Legal Service for School Committee,306,27529261,970010,28499271,0.0340,"per pupil, in-district FTE",1,17.0,29.0,44.8,324,23,185 of 306,sources/state-dese/district-expenditures-by-function.xlsx
2024,detail,ADMN,1435,Legal Settlements,64,6755356,11500,6766856,0.0017,"per pupil, in-district FTE",0,4.0,13.0,24.8,332,,,sources/state-dese/district-expenditures-by-function.xlsx
2024,detail,ADMN,1450,Administrative Technology-Districtwide,266,75097651,4300141,79397792,0.0542,"per pupil, in-district FTE",1,48.0,86.5,137.0,1049,111,98 of 266,sources/state-dese/district-expenditures-by-function.xlsx
2024,detail,BENE,5100,Employer Retirement Contributions,313,611111349,18235623,629346974,0.0290,"per pupil, in-district FTE",13,580.0,761.0,975.0,4963,217,312 of 313,sources/state-dese/district-expenditures-by-function.xlsx
2024,detail,BENE,5150,Employee Separation Costs,265,34288137,8382343,42670480,0.1964,"per pupil, in-district FTE",0,12.0,26.0,50.0,339,10,208 of 265,sources/state-dese/district-expenditures-by-function.xlsx
2024,detail,BENE,5200,Insurance for Active Employees,318,1819298639,53101009,1872399643,0.0284,"per pupil, in-district FTE",307,1680.5,2083.0,2624.5,6667,307,318 of 318,sources/state-dese/district-expenditures-by-function.xlsx
2024,detail,BENE,5250,Insurance for Retired School Employees,307,517393548,800658,518194206,0.0015,"per pupil, in-district FTE",51,365.5,559.0,798.0,3533,1545,5 of 307,sources/state-dese/district-expenditures-by-function.xlsx
2024,detail,BENE,5260,Other Non-Employee Insurance,305,93920402,64862,93985264,0.0007,"per pupil, in-district FTE",0,84.0,134.0,210.0,1178,3,304 of 305,sources/state-dese/district-expenditures-by-function.xlsx
2024,detail,BENE,5300,Rental Lease of Equipment,86,7663556,160908,7824464,0.0206,"per pupil, in-district FTE",0,4.2,29.0,43.0,425,,,sources/state-dese/district-expenditures-by-function.xlsx
2024,detail,BENE,5350,Rental Lease of Buildings,53,15039474,954846,15994319,0.0597,"per pupil, in-district FTE",0,10.0,31.0,58.0,525,,,sources/state-dese/district-expenditures-by-function.xlsx
2024,detail,BENE,5400,Short Term Interest RANs,1,1400484,0,1400484,0.0000,"per pupil, in-district FTE",469,469.0,469.0,469.0,469,,,sources/state-dese/district-expenditures-by-function.xlsx
2024,detail,BENE,5500,Other Fixed Charges,89,16680324,172931,16853255,0.0103,"per pupil, in-district FTE",0,3.0,6.0,14.0,264,,,sources/state-dese/district-expenditures-by-function.xlsx
2024,detail,BENE,5550,School Crossing Guards,139,16646449,147911,16794360,0.0088,"per pupil, in-district FTE",0,9.0,18.0,33.0,75,,,sources/state-dese/district-expenditures-by-function.xlsx
2024,detail,GUID,2710,Guidance incl Adjustment Counselors,310,421817780,31530374,453348154,0.0696,"per pupil, in-district FTE",5,394.0,528.5,681.8,1429,650,93 of 310,sources/state-dese/district-expenditures-by-function.xlsx
2024,detail,GUID,2720,Testing and Assessment,245,21247677,5976769,27224446,0.2195,"per pupil, in-district FTE",0,7.0,17.0,41.0,822,,,sources/state-dese/district-expenditures-by-function.xlsx
2024,detail,GUID,2800,Psychological Services,308,181860253,10455455,192315709,0.0544,"per pupil, in-district FTE",9,125.5,184.5,305.0,1137,351,58 of 308,sources/state-dese/district-expenditures-by-function.xlsx
2024,detail,LDRS,2110,Curriculum Directors and Dept. Heads (Supervisory),310,318128896,59920301,378049198,0.1585,"per pupil, in-district FTE",18,228.0,335.5,535.0,2334,306,176 of 310,sources/state-dese/district-expenditures-by-function.xlsx
2024,detail,LDRS,2120,Curriculum Directors and Dept. Heads (Non-Supervisory),237,118532284,18956917,137489202,0.1379,"per pupil, in-district FTE",0,43.0,120.0,222.0,800,,,sources/state-dese/district-expenditures-by-function.xlsx
2024,detail,LDRS,2130,Instructional Technology Leadership and Training,183,48583765,4078279,52662044,0.0774,"per pupil, in-district FTE",0,41.0,83.0,154.5,617,,,sources/state-dese/district-expenditures-by-function.xlsx
2024,detail,LDRS,2210,School Leadership,318,671484740,30886368,702371108,0.0440,"per pupil, in-district FTE",87,651.0,754.5,921.5,3055,774,147 of 318,sources/state-dese/district-expenditures-by-function.xlsx
2024,detail,LDRS,2250,Administrative Technology and Support (Schools),199,16258256,1819937,18078193,0.1007,"per pupil, in-district FTE",0,5.0,20.0,68.5,882,,,sources/state-dese/district-expenditures-by-function.xlsx
2024,detail,MATL,2410,Textbooks,305,43271374,26956969,70228343,0.3838,"per pupil, in-district FTE",0,22.0,57.0,104.0,795,3,298 of 305,sources/state-dese/district-expenditures-by-function.xlsx
2024,detail,MATL,2415,Other Instructional Matls (Libraries),313,47624153,60660394,108284546,0.5602,"per pupil, in-district FTE",0,11.0,35.0,105.0,2588,207,50 of 313,sources/state-dese/district-expenditures-by-function.xlsx
2024,detail,MATL,2420,Instructional Equipment,275,28682104,28526796,57208899,0.4986,"per pupil, in-district FTE",0,13.0,34.0,71.0,2268,83,60 of 275,sources/state-dese/district-expenditures-by-function.xlsx
2024,detail,MATL,2430,General Classroom Supplies,314,83062959,35567263,118630221,0.2998,"per pupil, in-district FTE",0,61.2,106.0,159.5,1271,43,261 of 314,sources/state-dese/district-expenditures-by-function.xlsx
2024,detail,MATL,2440,Other Instructional Services,301,98456231,192745554,291201784,0.6619,"per pupil, in-district FTE",0,31.0,92.0,276.0,2701,34,219 of 301,sources/state-dese/district-expenditures-by-function.xlsx
2024,detail,MATL,2451,Instructional Hardware - Student and Staff Devices (computers),289,54213258,21940345,76153603,0.2881,"per pupil, in-district FTE",0,22.0,68.0,167.0,1199,70,143 of 289,sources/state-dese/district-expenditures-by-function.xlsx
2024,detail,MATL,2453,Instructional Hardware - All Other,217,21474931,7837809,29312740,0.2674,"per pupil, in-district FTE",0,7.0,27.0,65.0,1568,,,sources/state-dese/district-expenditures-by-function.xlsx
2024,detail,MATL,2455,Instructional Software and Other Instructional Materials,282,35762667,15949787,51712453,0.3084,"per pupil, in-district FTE",0,23.0,55.0,89.8,511,2,267 of 282,sources/state-dese/district-expenditures-by-function.xlsx
2024,detail,ODTR,9130,Charter Transportation Tuition,7,6067574,0,6067574,0.0000,not published — DESE prints 0 per pupil against out-of-district rows,,,,,,,,sources/state-dese/district-expenditures-by-function.xlsx
2024,detail,OPMN,4110,Custodial Services,315,443378597,24279669,467658267,0.0519,"per pupil, in-district FTE",5,452.0,557.0,696.0,2538,508,197 of 315,sources/state-dese/district-expenditures-by-function.xlsx
2024,detail,OPMN,4120,Heating of Buildings,299,99988153,5499355,105487510,0.0521,"per pupil, in-district FTE",0,104.5,145.0,198.5,1674,73,272 of 299,sources/state-dese/district-expenditures-by-function.xlsx
2024,detail,OPMN,4130,Utility Services,316,256697382,5686990,262384370,0.0217,"per pupil, in-district FTE",3,219.8,291.0,384.5,1335,235,219 of 316,sources/state-dese/district-expenditures-by-function.xlsx
2024,detail,OPMN,4210,Maintenance of Grounds,295,67944878,10538409,78483292,0.1343,"per pupil, in-district FTE",0,38.0,73.0,147.0,3390,73,148 of 295,sources/state-dese/district-expenditures-by-function.xlsx
2024,detail,OPMN,4220,Maintenance of Buildings,316,339408945,109262903,448671846,0.2435,"per pupil, in-district FTE",0,214.8,335.0,485.0,3453,216,236 of 316,sources/state-dese/district-expenditures-by-function.xlsx
2024,detail,OPMN,4225,Building Security System,173,8808707,2007039,10815746,0.1856,"per pupil, in-district FTE",0,4.0,15.0,41.0,476,1,148 of 173,sources/state-dese/district-expenditures-by-function.xlsx
2024,detail,OPMN,4230,Maintenance of Equipment,281,39421763,27825516,67247281,0.4138,"per pupil, in-district FTE",0,15.0,41.0,94.0,1255,13,215 of 281,sources/state-dese/district-expenditures-by-function.xlsx
2024,detail,OPMN,4300,Extraordinary Maintenance,100,26711061,8575414,35286474,0.2430,"per pupil, in-district FTE",0,20.8,50.5,177.2,2216,44,55 of 100,sources/state-dese/district-expenditures-by-function.xlsx
2024,detail,OPMN,4400,"Technology Infrastructure, Maintenance, and Support - Salaries",247,95555967,2289381,97845349,0.0234,"per pupil, in-district FTE",0,96.0,151.0,205.0,517,,,sources/state-dese/district-expenditures-by-function.xlsx
2024,detail,OPMN,4450,"Technology Infrastructure, Maintenance, and Support - All Other",262,51845686,7146136,58991820,0.1211,"per pupil, in-district FTE",1,25.0,54.0,111.8,867,308,7 of 262,sources/state-dese/district-expenditures-by-function.xlsx
2024,detail,PDEV,2351,Professional Development Leadership,154,12115733,4968748,17084481,0.2908,"per pupil, in-district FTE",0,4.0,15.5,42.0,270,,,sources/state-dese/district-expenditures-by-function.xlsx
2024,detail,PDEV,2352,Instructional Coaches,144,63282680,22199797,85482477,0.2597,"per pupil, in-district FTE",0,16.0,59.0,173.2,620,,,sources/state-dese/district-expenditures-by-function.xlsx
2024,detail,PDEV,2354,Stipends for Teachers Providing Instructional Coaching,231,8398837,10841674,19240510,0.5635,"per pupil, in-district FTE",0,9.0,20.0,45.0,618,,,sources/state-dese/district-expenditures-by-function.xlsx
2024,detail,PDEV,2356,Costs for Instructional Staff to Attend Professional Development,298,38409755,31810429,70220184,0.4530,"per pupil, in-district FTE",1,24.0,47.0,87.0,472,1,295 of 298,sources/state-dese/district-expenditures-by-function.xlsx
2024,detail,PDEV,2358,Outside Professional Development Providers for Instructional Staff,289,16686255,42878834,59565088,0.7199,"per pupil, in-district FTE",0,21.0,55.0,118.0,561,17,224 of 289,sources/state-dese/district-expenditures-by-function.xlsx
2024,detail,SERV,3100,Attendance and Parent Liaison Services,152,43570920,10024332,53595254,0.1870,"per pupil, in-district FTE",0,5.0,26.5,68.5,448,,,sources/state-dese/district-expenditures-by-function.xlsx
2024,detail,SERV,3200,Medical/Health Services,317,219685895,17458269,237144170,0.0736,"per pupil, in-district FTE",25,213.0,259.0,323.0,1322,178,275 of 317,sources/state-dese/district-expenditures-by-function.xlsx
2024,detail,SERV,3300,Transportation Services,318,749996698,92340601,842337296,0.1096,"per pupil, in-district FTE",64,658.8,889.5,1211.0,5231,602,258 of 318,sources/state-dese/district-expenditures-by-function.xlsx
2024,detail,SERV,3400,Food Services,314,24493844,579355836,603849682,0.9594,"per pupil, in-district FTE",3,532.0,625.0,759.0,1918,,,sources/state-dese/district-expenditures-by-function.xlsx
2024,detail,SERV,3510,Athletics,268,159656313,48056863,207713181,0.2314,"per pupil, in-district FTE",13,207.5,289.0,423.5,1118,188,214 of 268,sources/state-dese/district-expenditures-by-function.xlsx
2024,detail,SERV,3520,Other Student Activities,292,45520071,62476678,107996747,0.5785,"per pupil, in-district FTE",1,50.8,98.0,190.0,965,10,284 of 292,sources/state-dese/district-expenditures-by-function.xlsx
2024,detail,SERV,3600,School Security,220,60293953,6197924,66491876,0.0932,"per pupil, in-district FTE",0,20.0,49.5,104.2,726,,,sources/state-dese/district-expenditures-by-function.xlsx
2024,detail,TCHR,2305,"Teachers, Classroom",318,6645000808,445602460,7090603271,0.0628,"per pupil, in-district FTE",4641,7133.0,7882.0,9090.2,22268,7133,238 of 318,sources/state-dese/district-expenditures-by-function.xlsx
2024,detail,TSER,2320,Medical/ Therapeutic Services,306,407475964,36198411,443674376,0.0816,"per pupil, in-district FTE",1,328.2,518.5,689.0,2315,413,203 of 306,sources/state-dese/district-expenditures-by-function.xlsx
2024,detail,TSER,2324,"Substitutes, Long-Term",216,55125773,3158446,58284219,0.0542,"per pupil, in-district FTE",0,30.0,62.5,107.0,466,23,176 of 216,sources/state-dese/district-expenditures-by-function.xlsx
2024,detail,TSER,2325,"Substitutes, Short-Term",316,127021701,11911326,138933027,0.0857,"per pupil, in-district FTE",1,94.8,137.5,190.0,521,224,48 of 316,sources/state-dese/district-expenditures-by-function.xlsx
2024,detail,TSER,2330,Paraprofessionals,318,816385321,168866217,985251538,0.1714,"per pupil, in-district FTE",111,837.2,1080.0,1423.5,4584,1196,125 of 318,sources/state-dese/district-expenditures-by-function.xlsx
2024,detail,TSER,2340,Librarians/Media Center Directors,285,83206922,2731577,85938499,0.0318,"per pupil, in-district FTE",10,68.0,119.0,185.0,1075,236,32 of 285,sources/state-dese/district-expenditures-by-function.xlsx
2024,detail,TSER,2345,Distance Learning and Online Coursework,85,5870233,4911205,10781438,0.4555,"per pupil, in-district FTE",0,2.0,6.0,16.0,224,,,sources/state-dese/district-expenditures-by-function.xlsx
2024,detail,TUIT,9100,Tuition to Mass. Schools,240,63883779,7288095,71171875,0.1024,not published — DESE prints 0 per pupil against out-of-district rows,,,,,,,,sources/state-dese/district-expenditures-by-function.xlsx
2024,detail,TUIT,9110,Tuition for School Choice,305,134881791,0,134881791,0.0000,not published — DESE prints 0 per pupil against out-of-district rows,,,,,,,,sources/state-dese/district-expenditures-by-function.xlsx
2024,detail,TUIT,9120,Tuition to Commonwealth Charter Schools,255,923919800,0,923919800,0.0000,not published — DESE prints 0 per pupil against out-of-district rows,,,,,,,,sources/state-dese/district-expenditures-by-function.xlsx
2024,detail,TUIT,9125,Tuition to Horace Mann Charter Schools,2,32572913,0,32572913,0.0000,not published — DESE prints 0 per pupil against out-of-district rows,,,,,,,,sources/state-dese/district-expenditures-by-function.xlsx
2024,detail,TUIT,9200,Tuition to Out-of-State Schools,76,20970187,7629165,28599353,0.2668,not published — DESE prints 0 per pupil against out-of-district rows,,,,,,,,sources/state-dese/district-expenditures-by-function.xlsx
2024,detail,TUIT,9300,Tuition to Non-Public Schools,266,411239129,403485611,814724743,0.4952,not published — DESE prints 0 per pupil against out-of-district rows,,,,,,,,sources/state-dese/district-expenditures-by-function.xlsx
2024,detail,TUIT,9400,Tuition to Collaboratives,247,208259048,83866737,292125782,0.2871,not published — DESE prints 0 per pupil against out-of-district rows,,,,,,,,sources/state-dese/district-expenditures-by-function.xlsx
2024,rollup,IIII,IIII,In-district Expenditure,320,17020476687,2485160423,19505637127,0.1274,"per pupil, in-district FTE",11967,19128.0,21756.5,25215.0,54980,17029,295 of 320,sources/state-dese/district-expenditures-by-function.xlsx
2024,rollup,OODD,OODD,Out-of-district Expenditure,312,2047487079,502269607,2549756685,0.1970,not published — DESE prints 0 per pupil against out-of-district rows,,,,,,,,sources/state-dese/district-expenditures-by-function.xlsx
2024,total,TTPP,TTPP,"Expenditure (Admin, Instruction, Operations)",320,19067963785,2987430027,22055393804,0.1355,"per pupil, in-district FTE",11967,20106.5,22227.0,25454.0,49884,17601,303 of 320,sources/state-dese/district-expenditures-by-function.xlsx
2025,category,ADMN,ADMN,Administration,318,661295061,44404919,705699977,0.0629,"per pupil, in-district FTE",0,622.8,785.0,1056.0,5504,581,261 of 318,sources/state-dese/district-expenditures-by-function.xlsx
2025,category,BENE,BENE,"Insurance, Retirement Programs and Other",318,3354538674,67876925,3422415608,0.0198,"per pupil, in-district FTE",0,3227.5,3787.5,4652.2,14507,3459,204 of 318,sources/state-dese/district-expenditures-by-function.xlsx
2025,category,COMM,COMM,Community Activities,2,31253,0,31253,0.0000,"per pupil, in-district FTE",0,2.8,5.5,8.2,11,,,sources/state-dese/district-expenditures-by-function.xlsx
2025,category,GUID,GUID,"Guidance, Counseling and Testing",316,678826143,39348068,718174210,0.0548,"per pupil, in-district FTE",163,656.5,806.5,1003.2,3118,677,226 of 316,sources/state-dese/district-expenditures-by-function.xlsx
2025,category,LDRS,LDRS,Instructional Leadership,317,1249677737,93912615,1343590352,0.0699,"per pupil, in-district FTE",349,1134.0,1428.0,1749.0,6160,1109,250 of 317,sources/state-dese/district-expenditures-by-function.xlsx
2025,category,MATL,MATL,"Instructional Materials, Equipment and Technology",317,431121317,279907316,711028629,0.3937,"per pupil, in-district FTE",146,425.0,626.0,1030.0,7146,226,304 of 317,sources/state-dese/district-expenditures-by-function.xlsx
2025,category,ODTR,ODTR,Out-of-district Transportation,276,272393982,0,272393982,0.0000,not published — DESE prints 0 per pupil against out-of-district rows,,,,,,,,sources/state-dese/district-expenditures-by-function.xlsx
2025,category,OPMN,OPMN,Operations and Maintenance,318,1515399556,143515400,1658914958,0.0865,"per pupil, in-district FTE",0,1501.2,1838.5,2306.0,12460,1253,288 of 318,sources/state-dese/district-expenditures-by-function.xlsx
2025,category,PDEV,PDEV,Professional Development,317,154832732,99919023,254751757,0.3922,"per pupil, in-district FTE",7,98.0,172.0,289.0,2796,48,292 of 317,sources/state-dese/district-expenditures-by-function.xlsx
2025,category,SERV,SERV,Pupil Services,317,1396284649,837182932,2233467571,0.3748,"per pupil, in-district FTE",13,2063.0,2415.0,2955.0,6360,1908,263 of 317,sources/state-dese/district-expenditures-by-function.xlsx
2025,category,TCHR,TCHR,Teachers,317,6948248568,370207055,7318455618,0.0506,"per pupil, in-district FTE",3277,7247.0,8000.0,9431.0,21669,6513,293 of 317,sources/state-dese/district-expenditures-by-function.xlsx
2025,category,TSER,TSER,Other Teaching Services,317,1641310011,198717287,1840027300,0.1080,"per pupil, in-district FTE",461,1654.0,2031.0,2609.0,9164,2010,162 of 317,sources/state-dese/district-expenditures-by-function.xlsx
2025,detail,ADMN,1110,School Committee,311,30091436,396188,30487625,0.0130,"per pupil, in-district FTE",0,7.0,16.0,44.0,682,4,263 of 311,sources/state-dese/district-expenditures-by-function.xlsx
2025,detail,ADMN,1210,Superintendent,316,101436384,2954757,104391140,0.0283,"per pupil, in-district FTE",0,105.8,170.0,261.0,2148,254,83 of 316,sources/state-dese/district-expenditures-by-function.xlsx
2025,detail,ADMN,1220,Assistant Superintendents,173,47040709,965525,48006234,0.0201,"per pupil, in-district FTE",0,46.0,68.0,99.0,772,,,sources/state-dese/district-expenditures-by-function.xlsx
2025,detail,ADMN,1230,Other District-Wide Administration,190,62730039,17618603,80348640,0.2193,"per pupil, in-district FTE",0,25.5,62.0,107.8,761,35,129 of 190,sources/state-dese/district-expenditures-by-function.xlsx
2025,detail,ADMN,1410,Business and Finance,314,226261545,4812061,231073604,0.0208,"per pupil, in-district FTE",0,205.5,286.0,398.8,4342,128,295 of 314,sources/state-dese/district-expenditures-by-function.xlsx
2025,detail,ADMN,1420,Human Resources and Benefits,250,71373111,13003319,84376430,0.1541,"per pupil, in-district FTE",0,43.0,67.0,102.0,869,51,164 of 250,sources/state-dese/district-expenditures-by-function.xlsx
2025,detail,ADMN,1430,Legal Service for School Committee,305,28126283,346005,28472287,0.0122,"per pupil, in-district FTE",1,18.0,29.0,46.0,275,17,231 of 305,sources/state-dese/district-expenditures-by-function.xlsx
2025,detail,ADMN,1435,Legal Settlements,60,12612241,22837,12635078,0.0018,"per pupil, in-district FTE",0,2.8,7.0,20.5,489,,,sources/state-dese/district-expenditures-by-function.xlsx
2025,detail,ADMN,1450,Administrative Technology-Districtwide,271,76379485,4044391,80423882,0.0503,"per pupil, in-district FTE",0,49.5,87.0,145.0,929,92,120 of 271,sources/state-dese/district-expenditures-by-function.xlsx
2025,detail,BENE,5100,Employer Retirement Contributions,310,655634580,17494928,673129505,0.0260,"per pupil, in-district FTE",10,609.2,792.5,1013.2,6660,242,306 of 310,sources/state-dese/district-expenditures-by-function.xlsx
2025,detail,BENE,5150,Employee Separation Costs,271,34734404,5249288,39983694,0.1313,"per pupil, in-district FTE",0,12.0,25.0,54.0,357,11,209 of 271,sources/state-dese/district-expenditures-by-function.xlsx
2025,detail,BENE,5200,Insurance for Active Employees,316,1955568144,41473167,1997041316,0.0208,"per pupil, in-district FTE",0,1790.2,2252.0,2761.5,6553,2353,134 of 316,sources/state-dese/district-expenditures-by-function.xlsx
2025,detail,BENE,5250,Insurance for Retired School Employees,305,545305590,1556227,546861817,0.0028,"per pupil, in-district FTE",53,383.0,601.0,834.0,3734,839,74 of 305,sources/state-dese/district-expenditures-by-function.xlsx
2025,detail,BENE,5260,Other Non-Employee Insurance,295,104109925,202133,104312056,0.0019,"per pupil, in-district FTE",0,98.0,148.0,223.5,2208,,,sources/state-dese/district-expenditures-by-function.xlsx
2025,detail,BENE,5300,Rental Lease of Equipment,81,7660956,280064,7941020,0.0353,"per pupil, in-district FTE",0,5.0,31.0,49.0,328,,,sources/state-dese/district-expenditures-by-function.xlsx
2025,detail,BENE,5350,Rental Lease of Buildings,64,11316950,1385103,12702053,0.1090,"per pupil, in-district FTE",0,8.8,19.5,51.5,247,15,37 of 64,sources/state-dese/district-expenditures-by-function.xlsx
2025,detail,BENE,5400,Short Term Interest RANs,2,1407056,137,1407193,0.0001,"per pupil, in-district FTE",2,124.0,246.0,368.0,490,,,sources/state-dese/district-expenditures-by-function.xlsx
2025,detail,BENE,5500,Other Fixed Charges,90,16418382,130163,16548546,0.0079,"per pupil, in-district FTE",0,3.0,7.0,14.2,309,,,sources/state-dese/district-expenditures-by-function.xlsx
2025,detail,BENE,5550,School Crossing Guards,136,16625182,93160,16718342,0.0056,"per pupil, in-district FTE",0,10.0,17.0,35.2,91,,,sources/state-dese/district-expenditures-by-function.xlsx
2025,detail,GUID,2710,Guidance incl Adjustment Counselors,308,458965285,25822977,484788262,0.0533,"per pupil, in-district FTE",69,427.8,574.0,740.0,3102,487,207 of 308,sources/state-dese/district-expenditures-by-function.xlsx
2025,detail,GUID,2720,Testing and Assessment,255,23604510,5352087,28956596,0.1848,"per pupil, in-district FTE",0,7.0,15.0,43.5,862,4,213 of 255,sources/state-dese/district-expenditures-by-function.xlsx
2025,detail,GUID,2800,Psychological Services,305,193808463,8019318,201827781,0.0397,"per pupil, in-district FTE",5,127.0,186.0,300.0,1203,187,149 of 305,sources/state-dese/district-expenditures-by-function.xlsx
2025,detail,LDRS,2110,Curriculum Directors and Dept. Heads (Supervisory),307,340982997,42221005,383204002,0.1102,"per pupil, in-district FTE",2,228.0,365.0,530.5,2329,257,208 of 307,sources/state-dese/district-expenditures-by-function.xlsx
2025,detail,LDRS,2120,Curriculum Directors and Dept. Heads (Non-Supervisory),251,129104810,14383737,143488548,0.1002,"per pupil, in-district FTE",0,39.5,105.0,218.5,1062,16,220 of 251,sources/state-dese/district-expenditures-by-function.xlsx
2025,detail,LDRS,2130,Instructional Technology Leadership and Training,182,48121320,11933899,60055219,0.1987,"per pupil, in-district FTE",0,38.0,86.0,173.5,4438,8,163 of 182,sources/state-dese/district-expenditures-by-function.xlsx
2025,detail,LDRS,2210,School Leadership,314,711743623,23462947,735206571,0.0319,"per pupil, in-district FTE",77,681.5,787.0,983.0,3454,826,136 of 314,sources/state-dese/district-expenditures-by-function.xlsx
2025,detail,LDRS,2250,Administrative Technology and Support (Schools),201,17300544,1805561,19106105,0.0945,"per pupil, in-district FTE",0,4.0,17.0,58.0,823,1,181 of 201,sources/state-dese/district-expenditures-by-function.xlsx
2025,detail,MATL,2410,Textbooks,304,50214860,13462559,63677431,0.2114,"per pupil, in-district FTE",0,22.8,47.5,98.2,796,13,253 of 304,sources/state-dese/district-expenditures-by-function.xlsx
2025,detail,MATL,2415,Other Instructional Matls (Libraries),303,44752265,38636554,83388819,0.4633,"per pupil, in-district FTE",0,12.0,31.0,111.0,2220,51,117 of 303,sources/state-dese/district-expenditures-by-function.xlsx
2025,detail,MATL,2420,Instructional Equipment,274,28648996,39583040,68232036,0.5801,"per pupil, in-district FTE",0,10.0,30.0,70.8,6047,34,125 of 274,sources/state-dese/district-expenditures-by-function.xlsx
2025,detail,MATL,2430,General Classroom Supplies,309,72500108,28178815,100678918,0.2799,"per pupil, in-district FTE",1,56.0,103.0,161.0,1289,72,200 of 309,sources/state-dese/district-expenditures-by-function.xlsx
2025,detail,MATL,2440,Other Instructional Services,303,118618578,128395611,247014190,0.5198,"per pupil, in-district FTE",0,33.5,104.0,266.5,1653,17,257 of 303,sources/state-dese/district-expenditures-by-function.xlsx
2025,detail,MATL,2451,Instructional Hardware - Student and Staff Devices (computers),289,50910026,12352892,63262917,0.1953,"per pupil, in-district FTE",0,18.0,65.0,120.0,529,39,183 of 289,sources/state-dese/district-expenditures-by-function.xlsx
2025,detail,MATL,2453,Instructional Hardware - All Other,211,17308290,4775833,22084123,0.2163,"per pupil, in-district FTE",0,5.0,19.0,50.0,318,,,sources/state-dese/district-expenditures-by-function.xlsx
2025,detail,MATL,2455,Instructional Software and Other Instructional Materials,293,37976462,14415033,52391494,0.2751,"per pupil, in-district FTE",0,28.0,60.0,101.0,826,,,sources/state-dese/district-expenditures-by-function.xlsx
2025,detail,ODTR,9130,Charter Transportation Tuition,8,6341334,0,6341334,0.0000,not published — DESE prints 0 per pupil against out-of-district rows,,,,,,,,sources/state-dese/district-expenditures-by-function.xlsx
2025,detail,OPMN,4110,Custodial Services,313,469462764,15226817,484689580,0.0314,"per pupil, in-district FTE",0,472.0,594.0,701.0,2912,465,239 of 313,sources/state-dese/district-expenditures-by-function.xlsx
2025,detail,OPMN,4120,Heating of Buildings,295,113171815,2361557,115533372,0.0204,"per pupil, in-district FTE",0,119.0,165.0,222.0,1004,53,287 of 295,sources/state-dese/district-expenditures-by-function.xlsx
2025,detail,OPMN,4130,Utility Services,313,265623052,4738771,270361819,0.0175,"per pupil, in-district FTE",0,242.0,318.0,418.0,1171,261,209 of 313,sources/state-dese/district-expenditures-by-function.xlsx
2025,detail,OPMN,4210,Maintenance of Grounds,291,79301866,5714183,85016052,0.0672,"per pupil, in-district FTE",0,36.5,79.0,148.0,1253,103,121 of 291,sources/state-dese/district-expenditures-by-function.xlsx
2025,detail,OPMN,4220,Maintenance of Buildings,314,358154381,60479637,418634014,0.1445,"per pupil, in-district FTE",0,223.0,349.0,520.0,8604,332,174 of 314,sources/state-dese/district-expenditures-by-function.xlsx
2025,detail,OPMN,4225,Building Security System,144,6743241,3558728,10301969,0.3454,"per pupil, in-district FTE",0,4.0,13.5,36.0,437,,,sources/state-dese/district-expenditures-by-function.xlsx
2025,detail,OPMN,4230,Maintenance of Equipment,279,39887834,12544322,52432157,0.2392,"per pupil, in-district FTE",0,14.0,35.0,89.5,863,22,175 of 279,sources/state-dese/district-expenditures-by-function.xlsx
2025,detail,OPMN,4300,Extraordinary Maintenance,113,25017443,29739721,54757164,0.5431,"per pupil, in-district FTE",0,16.0,54.0,197.0,2185,,,sources/state-dese/district-expenditures-by-function.xlsx
2025,detail,OPMN,4400,"Technology Infrastructure, Maintenance, and Support - Salaries",240,96272987,1693404,97966389,0.0173,"per pupil, in-district FTE",2,100.0,148.0,209.5,590,,,sources/state-dese/district-expenditures-by-function.xlsx
2025,detail,OPMN,4450,"Technology Infrastructure, Maintenance, and Support - All Other",259,61539024,7458262,68997288,0.1081,"per pupil, in-district FTE",0,24.5,55.0,110.0,1180,18,208 of 259,sources/state-dese/district-expenditures-by-function.xlsx
2025,detail,PDEV,2351,Professional Development Leadership,157,18600155,4730352,23330507,0.2028,"per pupil, in-district FTE",0,5.0,16.0,41.0,1253,4,120 of 157,sources/state-dese/district-expenditures-by-function.xlsx
2025,detail,PDEV,2352,Instructional Coaches,132,72738347,21245478,93983825,0.2261,"per pupil, in-district FTE",0,28.0,88.5,208.2,873,,,sources/state-dese/district-expenditures-by-function.xlsx
2025,detail,PDEV,2354,Stipends for Teachers Providing Instructional Coaching,233,8323401,15785297,24108700,0.6548,"per pupil, in-district FTE",0,7.0,17.0,42.0,1861,1,223 of 233,sources/state-dese/district-expenditures-by-function.xlsx
2025,detail,PDEV,2356,Costs for Instructional Staff to Attend Professional Development,297,39099763,19567626,58667389,0.3335,"per pupil, in-district FTE",0,22.0,45.0,87.0,675,40,162 of 297,sources/state-dese/district-expenditures-by-function.xlsx
2025,detail,PDEV,2358,Outside Professional Development Providers for Instructional Staff,283,15766334,38446590,54212924,0.7092,"per pupil, in-district FTE",0,20.5,46.0,96.0,868,3,266 of 283,sources/state-dese/district-expenditures-by-function.xlsx
2025,detail,SERV,3100,Attendance and Parent Liaison Services,142,45195039,10247184,55442226,0.1848,"per pupil, in-district FTE",0,6.0,34.5,80.8,543,,,sources/state-dese/district-expenditures-by-function.xlsx
2025,detail,SERV,3200,Medical/Health Services,314,233001517,11701328,244702844,0.0478,"per pupil, in-district FTE",14,219.2,270.0,340.5,1490,195,271 of 314,sources/state-dese/district-expenditures-by-function.xlsx
2025,detail,SERV,3300,Transportation Services,315,807802217,101091989,908894201,0.1112,"per pupil, in-district FTE",-85,716.5,961.0,1271.0,3834,787,212 of 315,sources/state-dese/district-expenditures-by-function.xlsx
2025,detail,SERV,3400,Food Services,310,22048816,604853269,626902088,0.9648,"per pupil, in-district FTE",9,568.0,669.0,805.0,2267,480,287 of 310,sources/state-dese/district-expenditures-by-function.xlsx
2025,detail,SERV,3510,Athletics,268,167950498,43928275,211878776,0.2073,"per pupil, in-district FTE",4,218.0,298.0,426.0,1281,366,90 of 268,sources/state-dese/district-expenditures-by-function.xlsx
2025,detail,SERV,3520,Other Student Activities,288,54012317,63096880,117109199,0.5388,"per pupil, in-district FTE",1,59.8,109.5,203.5,1253,80,177 of 288,sources/state-dese/district-expenditures-by-function.xlsx
2025,detail,SERV,3600,School Security,217,66148404,2242702,68391106,0.0328,"per pupil, in-district FTE",0,21.0,52.0,110.0,566,,,sources/state-dese/district-expenditures-by-function.xlsx
2025,detail,TCHR,2305,"Teachers, Classroom",315,6932256751,369751621,7302008367,0.0506,"per pupil, in-district FTE",5389,7260.0,8070.0,9436.5,21669,6513,293 of 315,sources/state-dese/district-expenditures-by-function.xlsx
2025,detail,TSER,2320,Medical/ Therapeutic Services,306,441818964,30098566,471917532,0.0638,"per pupil, in-district FTE",0,357.2,544.5,749.8,2581,597,125 of 306,sources/state-dese/district-expenditures-by-function.xlsx
2025,detail,TSER,2324,"Substitutes, Long-Term",226,60878159,1072147,61950306,0.0173,"per pupil, in-district FTE",0,36.0,67.0,113.0,1013,,,sources/state-dese/district-expenditures-by-function.xlsx
2025,detail,TSER,2325,"Substitutes, Short-Term",315,139407409,1228685,140636093,0.0087,"per pupil, in-district FTE",0,97.0,138.0,201.0,686,129,172 of 315,sources/state-dese/district-expenditures-by-function.xlsx
2025,detail,TSER,2330,Paraprofessionals,315,903140412,156813860,1059954271,0.1479,"per pupil, in-district FTE",118,915.0,1146.0,1539.5,5225,1158,153 of 315,sources/state-dese/district-expenditures-by-function.xlsx
2025,detail,TSER,2340,Librarians/Media Center Directors,281,85420815,1609403,87030218,0.0185,"per pupil, in-district FTE",6,66.0,122.0,183.0,1365,126,137 of 281,sources/state-dese/district-expenditures-by-function.xlsx
2025,detail,TSER,2345,Distance Learning and Online Coursework,82,7482601,6222330,13704930,0.4540,"per pupil, in-district FTE",0,1.2,5.5,14.8,552,0,70 of 82,sources/state-dese/district-expenditures-by-function.xlsx
2025,detail,TUIT,9100,Tuition to Mass. Schools,239,71459640,8060710,79520351,0.1014,not published — DESE prints 0 per pupil against out-of-district rows,,,,,,,,sources/state-dese/district-expenditures-by-function.xlsx
2025,detail,TUIT,9110,Tuition for School Choice,300,137223055,0,137223055,0.0000,not published — DESE prints 0 per pupil against out-of-district rows,,,,,,,,sources/state-dese/district-expenditures-by-function.xlsx
2025,detail,TUIT,9120,Tuition to Commonwealth Charter Schools,257,971289126,0,971289126,0.0000,not published — DESE prints 0 per pupil against out-of-district rows,,,,,,,,sources/state-dese/district-expenditures-by-function.xlsx
2025,detail,TUIT,9125,Tuition to Horace Mann Charter Schools,4,30723193,381642,31104835,0.0123,not published — DESE prints 0 per pupil against out-of-district rows,,,,,,,,sources/state-dese/district-expenditures-by-function.xlsx
2025,detail,TUIT,9200,Tuition to Out-of-State Schools,84,23279279,9929109,33208388,0.2990,not published — DESE prints 0 per pupil against out-of-district rows,,,,,,,,sources/state-dese/district-expenditures-by-function.xlsx
2025,detail,TUIT,9300,Tuition to Non-Public Schools,258,410970041,449625139,860595181,0.5225,not published — DESE prints 0 per pupil against out-of-district rows,,,,,,,,sources/state-dese/district-expenditures-by-function.xlsx
2025,detail,TUIT,9400,Tuition to Collaboratives,241,220604584,94055708,314660293,0.2989,not published — DESE prints 0 per pupil against out-of-district rows,,,,,,,,sources/state-dese/district-expenditures-by-function.xlsx
2025,rollup,IIII,IIII,In-district Expenditure,318,18031565712,2174991544,20206557249,0.1076,"per pupil, in-district FTE",0,19889.0,22552.0,26390.5,68565,17785,299 of 318,sources/state-dese/district-expenditures-by-function.xlsx
2025,rollup,OODD,OODD,Out-of-district Expenditure,308,2137942899,562052303,2699995204,0.2082,not published — DESE prints 0 per pupil against out-of-district rows,,,,,,,,sources/state-dese/district-expenditures-by-function.xlsx
2025,total,TTPP,TTPP,"Expenditure (Admin, Instruction, Operations)",318,20169508609,2737043853,22906552461,0.1195,"per pupil, in-district FTE",0,21179.2,23520.0,26961.0,59111,18027,310 of 318,sources/state-dese/district-expenditures-by-function.xlsx
