===PAGE 1===
ACCOUNT ACCOUNT DESCRIPTION ORIGINAL APPROP TRANFRS/
ADJSMTS
REVISED 
BUDGET
  YTD ACTUALENCUMBRANCESAVAILABLE BUDGET% USED
0100-3-300-1420-01-0-03-1-511001 SALARY HUMAN RESOURCES DIRECTO 77,500.00 0.00 77,500.00 12,931.08 0.00 64,568.92 16.70
0100-3-300-1210-01-1-02-1-511001 SUPERINTENDENT'S SALARY 177,000.00 0.00 177,000.00 30,517.26 0.00 146,482.74 17.20
0100-3-300-1410-01-1-03-1-511001 BUSINESS MANAGER'S SALARY 77,500.00 0.00 77,500.00 12,931.05 0.00 64,568.95 16.70
0100-3-300-2110-01-1-05-1-511001 STUDENT SERV COORDINATOR SALRY 146,500.00 0.00 146,500.00 25,258.65 0.00 121,241.35 17.20
0100-3-300-2210-01-4-08-1-511001 E.S. PRINCIPAL/ASST PRINCIPAL 208,080.00 0.00 208,080.00 20,974.50 0.00 187,105.50 10.10
0100-3-300-2210-01-5-08-1-511001 M.S. PRINCIPALS/ASST PRINCIPAL 182,401.00 0.00 182,401.00 31,452.39 0.00 150,948.61 17.20
0100-3-300-2210-01-6-08-1-511001 H.S. PRINCIPAL/ASST PRINCIPAL 269,269.00 0.00 269,269.00 46,797.93 0.00 222,471.07 17.40
0100-3-300-2305-03-2-10-1-511001 KINDERGARTEN TEACHERS/REGULAR 402,797.00 0.00 402,797.00 15,292.20 0.00 387,504.80 3.80
0100-3-300-2305-04-4-10-1-511001 E.S. TEACHERS/REGULAR 1,506,487.00 0.00 1,506,487.00 56,719.76 0.00 1,449,767.24 3.80
0100-3-300-2340-04-4-59-1-511001 E.S. LIBRARIAN 47,425.00 0.00 47,425.00 1,824.04 0.00 45,600.96 3.80
0100-3-300-2710-04-4-65-1-511001 E.S. GUIDANCE COUNSELOR 63,738.00 0.00 63,738.00 2,451.46 0.00 61,286.54 3.80
0100-3-300-2305-05-5-10-1-511001 M.S. TEACHERS/REGULAR 1,943,535.00 0.00 1,943,535.00 73,417.74 0.00 1,870,117.26 3.80
0100-3-300-2340-05-5-59-1-511001 M.S. LIBRARIAN 49,325.00 0.00 49,325.00 1,897.11 0.00 47,427.89 3.80
0100-3-300-2710-05-5-65-1-511001 M.S. GUIDANCE COUNSELORS 93,090.00 0.00 93,090.00 3,588.08 0.00 89,501.92 3.90
0100-3-300-2305-06-6-10-1-511001 H.S. TEACHERS/REGULAR 2,746,711.00 0.00 2,746,711.00 109,648.66 0.00 2,637,062.34 4.00
0100-3-300-2340-06-6-59-1-511001 H.S. LIBRARIAN 49,325.00 0.00 49,325.00 1,897.12 0.00 47,427.88 3.80
0100-3-300-2710-06-6-65-1-511001 H.S. GUIDANCE COUNSELORS 238,548.00 0.00 238,548.00 9,074.92 0.00 229,473.08 3.80
0100-3-300-2210-07-2-08-1-511001 P.S. PRINCIPAL/ASST PRINCIPAL 214,135.00 0.00 214,135.00 19,717.90 0.00 194,417.10 9.20
0100-3-300-2305-07-2-10-1-511001 P.S. TEACHERS/REGULAR 1,093,805.00 0.00 1,093,805.00 40,528.15 0.00 1,053,276.85 3.70
0100-3-300-2310-51-0-06-1-511001 DISTRICT WIDE SPECIALISTS 165,556.00 0.00 165,556.00 6,608.08 0.00 158,947.92 4.00
0100-3-300-2320-51-1-06-1-511001 SPED SPECIALISTS/SYSTEM SALRY 266,157.00 0.00 266,157.00 7,412.47 0.00 258,744.53 2.80
0100-3-300-2310-51-2-06-1-511001 P.S. SPECIAL ED TEACHERS 555,810.00 0.00 555,810.00 22,266.54 0.00 533,543.46 4.00
0100-3-300-2310-51-4-06-1-511001 ES SPED RESOURCE ROOM TEACHER 405,104.00 0.00 405,104.00 12,876.58 0.00 392,227.42 3.20
0100-3-300-2310-51-5-06-1-511001 MS SPED RESOURCE ROOM TEACHERS 458,895.00 0.00 458,895.00 16,079.11 0.00 442,815.89 3.50
0100-3-300-2310-51-6-06-1-511001 HS SPED RESOURCE ROOM TEACHER 472,165.00 0.00 472,165.00 14,908.32 0.00 457,256.68 3.20
0100-3-300-2110-99-6-10-1-511001 INSTR SERV DIRECTOR SALARY 125,000.00 0.00 125,000.00 22,068.98 0.00 102,931.02 17.70
0100-3-300-2320-51-2-06-1-511001 P.S. SPEECH PATHOLOGIST SALARY 138,267.00 0.00 138,267.00 3,819.42 0.00 134,447.58 2.80
0100-3-300-2320-51-4-06-1-511001 E.S. SPEECH PATHOLOGIST SALRY 75,368.00 0.00 75,368.00 3,746.35 0.00 71,621.65 5.00
0100-3-300-2320-51-5-06-1-511001 M.S. SPEECH PATHOLOGIST SALRY 33,850.00 0.00 33,850.00 3,254.85 0.00 30,595.15 9.60
0100-3-300-2320-51-6-06-1-511001 H.S. SPEECH PATHOLOGIST SALARY 33,850.00 0.00 33,850.00 0.00 0.00 33,850.00 0.00
0100-3-300-1210-01-1-02-1-511002 ASST/SECRETARY SALARIES 133,663.00 0.00 133,663.00 35,589.70 0.00 98,073.30 26.60
0100-3-300-1410-01-1-03-1-511002 BUSINESS OFFICE SALARIES 87,723.00 0.00 87,723.00 0.00 0.00 87,723.00 0.00
0100-3-300-2210-01-4-08-1-511002 E.S. ADMINISTRATIVE SECRETARY 54,549.00 0.00 54,549.00 9,406.80 0.00 45,142.20 17.20
0100-3-300-2210-01-5-08-1-511002 M.S. ADMINISTRATIVE SECRETARY 47,859.00 0.00 47,859.00 6,108.88 0.00 41,750.12 12.80
0100-3-300-2210-01-6-08-1-511002 H.S. ADMINISTRATIVE SECRETARY 47,859.00 0.00 47,859.00 6,108.92 0.00 41,750.08 12.80
0100-3-300-2710-06-6-65-1-511002 H.S. GUIDANCE SECRETARY 38,245.00 0.00 38,245.00 3,648.96 0.00 34,596.04 9.50
FY 25 LUNENBURG PUBLIC SCHOOLS QUARTERLY BUDGET REPORT 
===PAGE 2===
0100-3-300-2210-07-2-08-1-511002 P.S. ADMINISTRATIVE SECRETARY 57,316.00 0.00 57,316.00 9,878.40 0.00 47,437.60 17.20
0100-3-300-2110-51-1-05-1-511002 SPECIAL EDUCATION CLERICAL 65,166.00 0.00 65,166.00 10,125.36 0.00 55,040.64 15.50
0100-3-300-1450-01-1-52-1-511003 SALARIES STAFF 124,355.00 0.00 124,355.00 32,896.53 0.00 91,458.47 26.50
0100-3-300-2325-02-2-71-1-511003 P.S. LONG TERM SUBSTITUTES 15,000.00 0.00 15,000.00 0.00 0.00 15,000.00 0.00
0100-3-300-2325-04-4-71-1-511003 E.S. LONG TERM SUBSTITUTES 3,000.00 0.00 3,000.00 0.00 0.00 3,000.00 0.00
0100-3-300-2325-05-5-71-1-511003 M.S. LONG TERM SUBSTITUTES 3,000.00 0.00 3,000.00 0.00 0.00 3,000.00 0.00
0100-3-300-2710-06-6-65-1-511003 HS SUMMER GUIDANCE SCHEDULING 5,144.00 0.00 5,144.00 0.00 0.00 5,144.00 0.00
0100-3-300-2325-06-6-71-1-511003 H.S. LONG TERM SUBSTITUTES 3,000.00 0.00 3,000.00 0.00 0.00 3,000.00 0.00
0100-3-300-2340-00-2-59-1-511003 P.S. LIBRARIANS 47,425.00 0.00 47,425.00 1,824.04 0.00 45,600.96 3.80
0100-3-300-2320-51-1-06-1-511003 SPED SUMMER PROGRAM SALARIES 55,525.00 0.00 55,525.00 48,179.45 0.00 7,345.55 86.80
0100-3-300-3200-04-2-56-1-511003 P.S. NURSES 67,779.00 0.00 67,779.00 2,122.55 0.00 65,656.45 3.10
0100-3-300-3200-04-4-56-1-511003 E.S. NURSES 68,623.00 0.00 68,623.00 2,476.42 0.00 66,146.58 3.60
0100-3-300-3200-05-5-56-1-511003 M.S. NURSES 64,387.00 0.00 64,387.00 2,557.88 0.00 61,829.12 4.00
0100-3-300-3200-06-6-56-1-511003 H.S. NURSES 68,623.00 0.00 68,623.00 2,639.35 0.00 65,983.65 3.80
0100-3-300-4110-04-4-74-1-511003 E.S. CUSTODIANS 99,829.00 0.00 99,829.00 21,419.22 0.00 78,409.78 21.50
0100-3-300-4110-05-5-74-1-511003 M.S. CUSTODIANS 116,902.00 0.00 116,902.00 12,858.63 0.00 104,043.37 11.00
0100-3-300-4110-06-6-74-1-511003 H.S. CUSTODIANS 136,888.00 0.00 136,888.00 12,858.63 0.00 124,029.37 9.40
0100-3-300-4110-07-2-74-1-511003 PRIMARY SCHOOL CUSTODIANS 151,566.00 0.00 151,566.00 16,169.32 0.00 135,396.68 10.70
0100-3-300-4110-99-1-74-1-511003 MAINTENANCE SALARIES/SYSTEM 338,466.00 0.00 338,466.00 49,329.39 0.00 289,136.61 14.60
0100-3-300-2800-04-4-06-1-511023 PSYCHOLOGISTS SALARIES 92,693.00 0.00 92,693.00 3,549.73 0.00 89,143.27 3.80
0100-3-300-2800-05-5-06-1-511023 PSYCHOLOGISTS SALARIES 42,513.00 0.00 42,513.00 1,635.11 0.00 40,877.89 3.80
0100-3-300-2800-06-6-06-1-511023 PSYCHOLOGISTS SALARIES 42,513.00 0.00 42,513.00 1,635.12 0.00 40,877.88 3.80
0100-3-300-2800-07-2-06-1-511023 PSYCHOLOGISTS SALARIES 85,026.00 0.00 85,026.00 3,466.81 0.00 81,559.19 4.10
0100-3-300-2710-04-4-65-1-511024 SOCIAL WORKERS SALARIES 87,184.00 0.00 87,184.00 3,353.23 0.00 83,830.77 3.80
0100-3-300-2710-05-5-65-1-511024 SOCIAL WORKERS SALARIES 78,372.00 0.00 78,372.00 3,112.27 0.00 75,259.73 4.00
0100-3-300-2710-06-6-65-1-511024 SOCIAL WORKERS SALARIES 84,626.00 0.00 84,626.00 3,254.85 0.00 81,371.15 3.80
0100-3-300-2710-07-2-65-1-511024 SOCIAL WORKERS SALARIES 67,779.00 0.00 67,779.00 3,353.23 0.00 64,425.77 4.90
0100-3-300-2320-51-1-06-1-511025 ACE RESOURCE ROOM TEACHERS 87,184.00 0.00 87,184.00 3,353.23 0.00 83,830.77 3.80
0100-3-300-3510-06-6-67-1-511026 ATHLETIC DIRECTOR'S SALARY 92,455.00 0.00 92,455.00 15,948.27 0.00 76,506.73 17.20
0100-3-300-3510-06-6-67-1-511029 ATHLETIC TRAINER 63,900.00 0.00 63,900.00 2,457.69 0.00 61,442.31 3.80
0100-3-300-2210-01-4-08-1-511102 E.S. CLERK TYPIST 8,646.00 0.00 8,646.00 266.88 0.00 8,379.12 3.10
0100-3-300-2210-01-5-08-1-511102 M.S. CLERK TYPIST 18,346.00 0.00 18,346.00 915.14 0.00 17,430.86 5.00
0100-3-300-2210-01-6-08-1-511102 H.S. CLERK TYPIST 18,346.00 0.00 18,346.00 915.15 0.00 17,430.85 5.00
0100-3-300-2210-07-2-08-1-511102 P.S. CLERK TYPIST 8,646.00 0.00 8,646.00 234.85 0.00 8,411.15 2.70
0100-3-300-2330-03-2-13-1-511203 KIND PARAPROFESSIONALS/REG 73,273.00 0.00 73,273.00 1,646.58 0.00 71,626.42 2.20
0100-3-300-2330-06-6-13-1-511203 H.S. PARAPROFESSIONALS 47,960.00 0.00 47,960.00 486.72 0.00 47,473.28 1.00
0100-3-300-2330-51-1-13-1-511203 PARAPROFESSIONALS 66,275.00 0.00 66,275.00 1,254.76 0.00 65,020.24 1.90
0100-3-300-2330-51-2-13-1-511203 P.S. SPED PARAPROFESSIONALS 317,143.00 0.00 317,143.00 5,517.65 0.00 311,625.35 1.70
0100-3-300-2330-51-4-13-1-511203 E.S. SPED PARAPROFESSIONALS 312,445.00 0.00 312,445.00 3,954.86 0.00 308,490.14 1.30
0100-3-300-2330-51-5-13-1-511203 M.S. SPEC ED PARAPROFESSIONALS 323,772.00 0.00 323,772.00 6,674.46 0.00 317,097.54 2.10
0100-3-300-2330-51-6-13-1-511203 HS SPEC ED PARAPROFESSIONALS 347,258.00 0.00 347,258.00 5,519.56 0.00 341,738.44 1.60
===PAGE 3===
0100-3-300-2325-02-2-71-1-512103 P.S. REGULAR SUBSTITUTES 15,000.00 0.00 15,000.00 0.00 0.00 15,000.00 0.00
0100-3-300-2325-03-2-71-1-512103 KINDERGARTEN REGULAR SUBS 4,000.00 0.00 4,000.00 0.00 0.00 4,000.00 0.00
0100-3-300-2325-04-4-71-1-512103 E.S. REGULAR SUBSTITUTES 12,000.00 0.00 12,000.00 285.00 0.00 11,715.00 2.40
0100-3-300-2325-05-5-71-1-512103 M.S. REGULAR SUBSTITUTES 11,000.00 0.00 11,000.00 0.00 0.00 11,000.00 0.00
0100-3-300-2325-06-6-71-1-512103 H.S. REGULAR SUBSTITUTES 27,000.00 0.00 27,000.00 40.00 0.00 26,960.00 0.10
0100-3-300-2325-51-2-71-1-512103 P.S. SPED SUBSTITUTES 20,000.00 0.00 20,000.00 0.00 0.00 20,000.00 0.00
0100-3-300-2325-51-4-71-1-512203 E.S. SPED SUBSTITUTES 15,500.00 0.00 15,500.00 198.90 0.00 15,301.10 1.30
0100-3-300-2325-51-5-71-1-512203 M.S. SPED SUBSTITUTES 8,500.00 0.00 8,500.00 160.00 0.00 8,340.00 1.90
0100-3-300-2325-51-6-71-1-512203 H.S. SPED SUBSTITUTES 8,500.00 0.00 8,500.00 150.00 0.00 8,350.00 1.80
0100-3-300-1210-01-1-02-1-513002 BROOKS HOUSE SECRETARIAL O/T 800.00 0.00 800.00 895.44 0.00 -95.44 111.90
0100-3-300-2210-01-4-08-1-513002 E.S. SECRETARIAL OVERTIME 800.00 0.00 800.00 0.00 0.00 800.00 0.00
0100-3-300-2210-01-5-08-1-513002 M.S. SECRETARIAL OVERTIME 800.00 0.00 800.00 0.00 0.00 800.00 0.00
0100-3-300-2210-01-6-08-1-513002 H.S. SECRETARIAL OVERTIME 800.00 0.00 800.00 0.00 0.00 800.00 0.00
0100-3-300-2210-07-2-08-1-513002 P.S. SECRETARIAL OVERTIME 800.00 0.00 800.00 0.00 0.00 800.00 0.00
0100-3-300-4110-04-4-74-1-513003 OVERTIME E.S. CUSTODIANS 6,500.00 0.00 6,500.00 684.18 0.00 5,815.82 10.50
0100-3-300-4110-05-5-74-1-513003 OVERTIME-M.S. CUSTODIANS 6,500.00 0.00 6,500.00 984.62 0.00 5,515.38 15.10
0100-3-300-4110-06-6-74-1-513003 OVERTIME-H.S. CUSTODIANS 6,500.00 0.00 6,500.00 984.64 0.00 5,515.36 15.10
0100-3-300-4110-07-2-74-1-513003 P.S. CUSTODIANS OVERTIME 6,500.00 0.00 6,500.00 380.33 0.00 6,119.67 5.90
0100-3-300-4110-99-1-74-1-513003 MAINTENANCE OVERTIME-SYSTEM 13,000.00 0.00 13,000.00 1,390.38 0.00 11,609.62 10.70
0100-3-300-3510-06-6-67-1-514003 SPECIAL DETAIL/ATHLETIC EVENTS 5,000.00 0.00 5,000.00 0.00 0.00 5,000.00 0.00
0100-3-300-0300-99-0-99-4-517006 SCHOOL SALARY RESERVE 347,338.00 0.00 347,338.00 0.00 0.00 347,338.00 0.00
0100-3-300-1450-01-1-52-1-519003 WEBMASTER STIPENDS 6,152.00 0.00 6,152.00 0.00 0.00 6,152.00 0.00
0100-3-300-4110-99-1-74-1-519003 CLOTHING ALLOWANCE-MAINTENANCE 6,278.00 0.00 6,278.00 3,645.00 0.00 2,633.00 58.10
0100-3-300-3200-99-1-56-1-519005 NURSE COORDINATOR STIPEND 2,863.00 0.00 2,863.00 0.00 0.00 2,863.00 0.00
0100-3-300-2330-51-1-06-1-519015 HOME/HOSPITAL TUTORING 10,000.00 0.00 10,000.00 0.00 0.00 10,000.00 0.00
0100-3-300-2315-06-6-51-1-519103 H.S. DEPARTMENT HEADS 24,965.00 0.00 24,965.00 0.00 0.00 24,965.00 0.00
0100-3-300-3510-06-6-67-1-519104 P/R UNIFIED SPORTS COACH 3,925.00 0.00 3,925.00 0.00 0.00 3,925.00 0.00
ACCOUNT ACCOUNT DESCRIPTION ORIGINAL APPROP TRANFRS/ADJSMTSREVISED BUDGET  YTD ACTUALENCUMBRANCESAVAILABLE BUDGET% USED
0100-3-300-4130-99-1-74-2-521006 SEWERAGE DISPOSAL 34,000.00 0.00 34,000.00 0.00 30,000.00 4,000.00 88.20
0100-3-300-4130-99-1-74-2-521011 ELECTRICITY CHARGES 230,000.00 0.00 230,000.00 5,247.66 250,752.34 -26,000.00 111.30
0100-3-300-4120-99-1-74-2-521012 HEATING CHARGES/FUEL OIL 4,000.00 0.00 4,000.00 0.00 4,000.00 0.00 100.00
0100-3-300-4130-99-1-74-2-521013 RUBBISH REMOVAL CHARGES 26,000.00 0.00 26,000.00 0.00 20,942.95 5,057.05 80.50
0100-3-300-4130-99-1-74-2-521014 TELEPHONE CHARGES 14,700.00 0.00 14,700.00 0.00 9,600.00 5,100.00 65.30
0100-3-300-4120-99-1-74-2-521025 HEATING CHARGES/NATURAL GAS 120,000.00 0.00 120,000.00 2,535.53 155,464.47 -38,000.00 131.70
0100-3-300-4130-99-1-74-2-523001 WATER CHARGES 28,000.00 0.00 28,000.00 0.00 0.00 28,000.00 0.00
0100-3-300-4230-99-1-76-2-524100 VEH MTC REPAIRS/MAINTENANCE 19,000.00 0.00 19,000.00 195.16 1,796.42 17,008.42 10.50
0100-3-300-4230-05-5-63-2-525001 REPAIR OF MUSIC EQUIPMENT 1,750.00 0.00 1,750.00 0.00 1,750.00 0.00 100.00
0100-3-300-4230-06-6-63-2-525001 REPAIR OF MUSIC EQUIPMENT 3,500.00 0.00 3,500.00 0.00 3,500.00 0.00 100.00
0100-3-300-4230-07-2-32-2-525003 REPAIR OFFICE MACHINES 1,058.00 0.00 1,058.00 1,105.00 -1,105.00 1,058.00 0.00
0100-3-300-4230-06-6-33-2-525005 REPAIR SCIENCE EQUIPMENT 1,100.00 0.00 1,100.00 0.00 0.00 1,100.00 0.00
===PAGE 4===
0100-3-300-4230-99-1-52-2-525008 COMPUTER MTC/REPAIR SYSTEM 4,500.00 0.00 4,500.00 0.00 0.00 4,500.00 0.00
0100-3-300-4230-99-1-74-2-525009 FIRE SAFETY/FURNITURE REPAIR 24,005.00 0.00 24,005.00 0.00 568.00 23,437.00 2.40
0100-3-300-4230-99-1-74-2-525011 REPAIR OF EQUIP/MAINTENANCE 4,500.00 0.00 4,500.00 483.25 2,309.65 1,707.10 62.10
0100-3-300-7400-99-1-08-2-525012 EQUIPMENT-MTC & LEASE 83,500.00 0.00 83,500.00 8,444.36 40,470.12 34,585.52 58.60
0100-3-300-7400-99-1-52-2-525013 COMPUTERS-PURCHASE & LEASE 254,638.00 0.00 254,638.00 171,966.00 -171,966.00 254,638.00 0.00
0100-3-300-3200-99-1-56-2-531006 PURCHASE OF SERVICE 4,315.00 0.00 4,315.00 0.00 0.00 4,315.00 0.00
0100-3-300-2110-51-1-06-2-531067 COMPUTER CONTRACTED SERVICES 20,758.00 0.00 20,758.00 0.00 0.00 20,758.00 0.00
0100-3-300-1210-01-1-02-2-534400 POSTAGE 5,000.00 1,196.98 6,196.98 9.68 0.00 6,187.30 0.20
0100-3-300-1110-01-1-01-2-535001 CONFERENCE EXPENSES 250.00 0.00 250.00 0.00 0.00 250.00 0.00
0100-3-300-1110-01-1-01-2-535003 DUES/MEETINGS 5,971.00 0.00 5,971.00 0.00 0.00 5,971.00 0.00
0100-3-300-1210-01-1-02-2-535003 DUES/MEETINGS 5,000.00 0.00 5,000.00 2,863.00 950.00 1,187.00 76.30
0100-3-300-2110-51-1-06-2-535004 COUNSEL/LEGAL EXPENSES 17,000.00 0.00 17,000.00 0.00 0.00 17,000.00 0.00
0100-3-300-1430-01-1-01-2-535004 COUNSEL/LEGAL EXPENSES 28,000.00 0.00 28,000.00 0.00 0.00 28,000.00 0.00
0100-3-300-1110-01-1-01-2-535005 CLASSIFIED ADS 1,000.00 0.00 1,000.00 0.00 0.00 1,000.00 0.00
0100-3-300-4220-01-1-74-2-535006 CONTRACTED SERVICES 225,643.00 0.00 225,643.00 22,333.05 33,572.88 169,737.07 24.80
0100-3-300-1410-01-1-03-2-535006CONTRACTED SERVICES 6000 0 6000 16550 13250 -23800 496.7
0100-3-300-1450-99-1-52-2-535006 CONTRACTED SERVICES 190,327.00 0.00 190,327.00 36,141.61 100,050.00 54,135.39 71.60
0100-3-300-2451-04-4-52-2-535006 CONTRACTED SERVICES 19,750.00 0.00 19,750.00 0.00 21,572.80 -1,822.80 109.20
0100-3-300-2451-05-5-52-2-535006 CONTRACTED SERVICES 5,510.00 0.00 5,510.00 0.00 5,510.00 0.00 100.00
0100-3-300-2451-06-6-52-2-535006 CONTRACTED SERVICES 15,025.00 0.00 15,025.00 1,376.00 15,023.76 -1,374.76 109.10
0100-3-300-2451-07-2-52-2-535006 CONTRACTED SERVICES 13,900.00 0.00 13,900.00 0.00 14,110.00 -210.00 101.50
0100-3-300-4210-01-1-74-2-535006 CONTRACTED SERVICES 26,900.00 0.00 26,900.00 0.00 14,977.08 11,922.92 55.70
0100-3-300-4400-99-1-52-2-535006CONTRACTED SERVICES 21832 0 21832 0 34164.8 -12332.8 156.5
0100-3-300-2110-51-1-06-2-535007 COLLABORATIVE ADMIN FEES 2,500.00 0.00 2,500.00 0.00 2,500.00 0.00 100.00
0100-3-300-2210-06-6-08-2-535008 GRADUATION EXPENSES 10,000.00 0.00 10,000.00 0.00 0.00 10,000.00 0.00
0100-3-300-2210-06-6-08-2-535009 ACCREDITATION EXPENSES 4,500.00 0.00 4,500.00 0.00 0.00 4,500.00 0.00
0100-3-300-2310-51-1-06-2-535011 HOSPITAL TUTORING 6000 0.00 6,000.00 0.00 6000 0.00 100.00
0100-3-300-2310-51-1-06-2-535012 CONTRACT RELATED SERVICES 103,000.00 0.00 103,000.00 0.00 78,800.00 24,200.00 76.50
0100-3-300-2310-51-1-06-2-535013 CONTRACTED EVALUATIONS 5,000.00 0.00 5,000.00 0.00 0.00 5,000.00 0.00
0100-3-300-2415-05-5-45-2-535014 REGRS ACADEMIC ACHIEVEMENT 5,000.00 0.00 5,000.00 0.00 0.00 5,000.00 0.00
0100-3-300-2357-99-1-50-2-535015 PROFESSIONAL DEVELOPMENT EXP 35,000.00 0.00 35,000.00 2,875.34 3,428.71 28,695.95 18.00
0100-3-300-2440-05-5-63-2-535016 TRANSPORTATION 2,000.00 0.00 2,000.00 0.00 0.00 2,000.00 0.00
0100-3-300-2440-06-6-63-2-535016 TRANSPORTATION 6,500.00 0.00 6,500.00 0.00 6,500.00 0.00 100.00
0100-3-300-3510-06-6-67-2-535016 TRANSPORTATION 40,000.00 0.00 40,000.00 0.00 0.00 40,000.00 0.00
0100-3-300-3200-99-1-56-2-535017 SCHOOL PHYSICIAN STIPEND 3,500.00 0.00 3,500.00 0.00 0.00 3,500.00 0.00
0100-3-300-3510-06-6-67-2-535018 ATHLETIC INSURANCE 9,000.00 0.00 9,000.00 0.00 8,980.00 20.00 99.80
0100-3-300-9300-51-1-06-2-535019 SPED TUITIONS-PRIVATE 703,872.00 0.00 703,872.00 62,484.06 517,754.68 123,633.26 82.40
0100-3-300-2415-06-6-31-2-535020 DUES AND FEES 8,194.00 0.00 8,194.00 0.00 8,218.50 -24.50 100.30
0100-3-300-2420-06-6-63-2-535020 DUES AND FEES 2,500.00 0.00 2,500.00 0.00 0.00 2,500.00 0.00
0100-3-300-3510-06-6-67-2-535020 DUES AND FEES 20,000.00 0.00 20,000.00 5,300.00 0.00 14,700.00 26.50
0100-3-300-9400-51-1-06-2-535023 COLLABORATIVE TUITIONS 460,952.00 0.00 460,952.00 28,957.00 0.00 431,995.00 6.30
===PAGE 5===
0100-3-300-3300-99-1-69-2-535025 REGULAR TRANSPORTAION EXPENSES 907,200.00 0.00 907,200.00 0.00 0.00 907,200.00 0.00
0100-3-300-3300-99-1-69-2-535026 SPECIAL ED TRANSPORTATION 445,328.00 0.00 445,328.00 3,035.52 437,332.48 4,960.00 98.90
0100-3-300-2357-99-1-50-2-535029 COURSE REIMBURSEMENTS 0.00 0.00 0.00 192.60 2,760.85 -2,953.45 100.00
0100-3-300-1410-01-1-03-2-535030 ADMIN CONTRACTED TSA 1,600.00 0.00 1,600.00 0.00 78.96 1,521.04 4.90
0100-3-300-4130-99-1-74-2-535051 TELEPHONE MTC/SYSTEM 1,550.00 0.00 1,550.00 0.00 0.00 1,550.00 0.00
0100-3-300-4110-99-1-74-2-541001 CUSTODIAL SUPPLIES 70,675.00 0.00 70,675.00 17,807.04 49,192.96 3,675.00 94.80
0100-3-300-4220-99-1-74-2-541002 BUILDING MTC SUPPLIES 80,000.00 0.00 80,000.00 1,071.90 8,101.28 70,826.82 11.50
0100-3-300-1110-01-1-01-2-545001 GENERAL SUPPLIES 100.00 0.00 100.00 0.00 0.00 100.00 0.00
0100-3-300-1210-01-1-02-2-545001 GENERAL SUPPLIES 1,000.00 0.00 1,000.00 0.00 0.00 1,000.00 0.00
0100-3-300-1410-01-1-03-2-545001 GENERAL SUPPLIES 2,500.00 0.00 2,500.00 0.00 0.00 2,500.00 0.00
0100-3-300-1450-99-1-52-2-545001 GENERAL SUPPLIES 6,000.00 0.00 6,000.00 60.00 -60.00 6,000.00 0.00
0100-3-300-2430-04-4-10-2-545001 GENERAL SUPPLIES 12,798.00 0.00 12,798.00 0.00 5,572.77 7,225.23 43.50
0100-3-300-2430-05-5-10-2-545001 GENERAL SUPPLIES 8,200.00 0.00 8,200.00 0.00 0.00 8,200.00 0.00
0100-3-300-2430-06-6-10-2-545001 GENERAL SUPPLIES 16,000.00 0.00 16,000.00 0.00 4,812.21 11,187.79 30.10
0100-3-300-2430-07-2-10-2-545001 GENERAL SUPPLIES 17,239.00 0.00 17,239.00 0.00 7,466.75 9,772.25 43.30
0100-3-300-2110-51-0-04-2-545001 GENERAL SUPPLIES 8,000.00 0.00 8,000.00 0.00 2,400.00 5,600.00 30.00
0100-3-300-2110-51-1-05-2-545001 GENERAL SUPPLIES 800.00 0.00 800.00 80.00 800.00 -80.00 110.00
0100-3-300-2110-51-1-06-2-545001 ACE GENERAL SUPPLIES 6,000.00 0.00 6,000.00 0.00 2,900.00 3,100.00 48.30
0100-3-300-2430-51-1-06-2-545001 GENERAL SUPPLIES 3,000.00 0.00 3,000.00 0.00 0.00 3,000.00 0.00
0100-3-300-4400-99-1-52-2-545001 GENERAL SUPPLIES 2,200.00 0.00 2,200.00 0.00 0.00 2,200.00 0.00
0100-3-300-2210-01-4-08-2-545002 OFFICE SUPPLIES/MATERIALS 5,290.00 0.00 5,290.00 0.00 0.00 5,290.00 0.00
0100-3-300-2210-01-5-08-2-545002 OFFICE SUPPLIES/MATERIALS 4,300.00 0.00 4,300.00 0.00 85.00 4,215.00 2.00
0100-3-300-2210-01-6-08-2-545002 OFFICE SUPPLIES/MATERIALS 7,200.00 0.00 7,200.00 0.00 2,157.82 5,042.18 30.00
0100-3-300-2210-07-2-08-2-545002 OFFICE SUPPLIES/MATERIALS 6,607.00 0.00 6,607.00 0.00 450.75 6,156.25 6.80
0100-3-300-3200-99-1-56-2-545002 OFFICE SUPPLIES/MATERIALS 4,300.00 0.00 4,300.00 0.00 377.44 3,922.56 8.80
0100-3-300-4210-99-1-74-2-545003 MTC OF GROUNDS SUPPLIES 20,695.00 0.00 20,695.00 19,400.00 2,239.58 -944.58 104.60
0100-3-300-4220-99-1-74-2-545004 EMERGENCY EXPENDITURES 10,000.00 0.00 10,000.00 0.00 0.00 10,000.00 0.00
0100-3-300-2415-04-4-28-2-555001 WORKBOOKS 12,000.00 0.00 12,000.00 0.00 0.00 12,000.00 0.00
0100-3-300-2415-05-5-28-2-555001 WORKBOOKS 17,435.00 0.00 17,435.00 0.00 0.00 17,435.00 0.00
0100-3-300-2415-07-2-28-2-555001 WORKBOOKS 11,000.00 0.00 11,000.00 0.00 0.00 11,000.00 0.00
0100-3-300-2420-04-4-33-2-555002 SCIENCE SUPPLIES 1,000.00 0.00 1,000.00 0.00 0.00 1,000.00 0.00
0100-3-300-2420-05-5-33-2-555002 SCIENCE SUPPLIES 2,000.00 0.00 2,000.00 0.00 1,579.07 420.93 79.00
0100-3-300-2420-06-6-33-2-555002 SCIENCE SUPPLIES 14,697.00 0.00 14,697.00 0.00 11,392.74 3,304.26 77.50
0100-3-300-2420-07-2-33-2-555002 SCIENCE SUPPLIES 5,290.00 0.00 5,290.00 0.00 0.00 5,290.00 0.00
0100-3-300-2415-04-4-31-2-555003 MATH SUPPLIES 13,404.00 0.00 13,404.00 0.00 0.00 13,404.00 0.00
0100-3-300-2415-05-5-31-2-555003 MATH SUPPLIES 1,171.00 0.00 1,171.00 0.00 540.61 630.39 46.20
0100-3-300-2415-06-6-31-2-555003 MATH SUPPLIES 971.00 0.00 971.00 0.00 832.10 138.90 85.70
0100-3-300-2415-07-2-31-2-555003 MATH SUPPLIES 500.00 0.00 500.00 0.00 0.00 500.00 0.00
0100-3-300-2415-07-2-30-2-555004 READING SUPPLIES 575.00 0.00 575.00 0.00 0.00 575.00 0.00
0100-3-300-2420-04-4-62-2-555005 PHYSICAL ED SUPPLIES 300.00 0.00 300.00 0.00 0.00 300.00 0.00
0100-3-300-2420-05-5-62-2-555005 PHYSICAL ED SUPPLIES 2,000.00 0.00 2,000.00 0.00 1,998.92 1.08 99.90
===PAGE 6===
0100-3-300-2420-06-6-62-2-555005 PHYSICAL ED SUPPLIES 3,000.00 0.00 3,000.00 0.00 2,846.87 153.13 94.90
0100-3-300-2420-07-2-62-2-555005 PHYSICAL ED SUPPLIES 600.00 0.00 600.00 0.00 0.00 600.00 0.00
0100-3-300-2415-04-2-41-2-555006 ART SUPPLIES 600.00 0.00 600.00 0.00 100.28 499.72 16.70
0100-3-300-2415-05-5-41-2-555006 ART SUPPLIES 8,060.00 0.00 8,060.00 0.00 4,000.00 4,060.00 49.60
0100-3-300-2415-06-6-41-2-555006 ART SUPPLIES 24,495.00 0.00 24,495.00 0.00 16,695.48 7,799.52 68.20
0100-3-300-2800-51-1-06-2-555007 TESTING MATERIALS 7,930.00 0.00 7,930.00 0.00 750.00 7,180.00 9.50
0100-3-300-2420-04-4-63-2-555008 BAND/MUSIC SUPPLIES 4,991.00 0.00 4,991.00 0.00 0.00 4,991.00 0.00
0100-3-300-2420-05-5-63-2-555008 BAND/MUSIC SUPPLIES 4,000.00 0.00 4,000.00 0.00 4,000.00 0.00 100.00
0100-3-300-2420-06-6-63-2-555008 BAND/MUSIC SUPPLIES 5,000.00 0.00 5,000.00 0.00 4,999.00 1.00 100.00
0100-3-300-2420-07-2-63-2-555008 BAND/MUSIC SUPPLIES 380.00 0.00 380.00 0.00 0.00 380.00 0.00
0100-3-300-2420-05-5-40-2-555009 TECH ED SUPPLIES 400.00 0.00 400.00 0.00 380.00 20.00 95.00
0100-3-300-2415-04-4-59-2-555011 PERIODICALS 65.00 0.00 65.00 0.00 0.00 65.00 0.00
0100-3-300-2415-05-5-58-2-555011 PERIODICALS 1,484.00 0.00 1,484.00 0.00 1,478.99 5.01 99.70
0100-3-300-2415-06-6-59-2-555011 PERIODICALS 280.00 0.00 280.00 0.00 263.69 16.31 94.20
0100-3-300-2415-05-5-57-2-555012 HEALTH SUPPLIES 396.00 0.00 396.00 0.00 386.85 9.15 97.70
0100-3-300-2415-04-4-35-2-555014 SOCIAL STUDIES SUPPLIES 339.00 0.00 339.00 0.00 238.74 100.26 70.40
0100-3-300-2415-05-5-35-2-555014 SOCIAL STUDIES SUPPLIES 3,900.00 0.00 3,900.00 3,900.00 2,511.25 -2,511.25 164.40
0100-3-300-2415-06-6-35-2-555014 SOCIAL STUDIES SUPPLIES 1,884.00 0.00 1,884.00 0.00 797.12 1,086.88 42.30
0100-3-300-2415-06-6-55-2-555015 HEALTH/HUMAN DEV SUPPLIES 3,202.00 0.00 3,202.00 0.00 2,937.03 264.97 91.70
0100-3-300-2420-06-6-40-2-555017 INDUSTRIAL ART SUPPLIES 2,000.00 0.00 2,000.00 0.00 1,960.40 39.60 98.00
0100-3-300-2415-06-6-36-2-555022 WORLD LANG TESTING MATERIALS 400.00 0.00 400.00 0.00 400.00 0.00 100.00
0100-3-300-2415-06-6-29-2-555023 ENGLISH PERIODICALS 75.00 0.00 75.00 0.00 75.00 0.00 100.00
0100-3-300-2415-06-6-55-2-555025 HEALTH/HUMAN DEV PERIODICALS 100.00 0.00 100.00 0.00 0.00 100.00 0.00
0100-3-300-2415-06-6-36-2-555026 WORLD LANGUAGE SUPPLIES 701.00 0.00 701.00 0.00 697.86 3.14 99.60
0100-3-300-2110-99-1-10-2-555027 CURRICULUM ADOPTION 35,000.00 0.00 35,000.00 23,107.10 -3,927.50 15,820.40 54.80
0100-3-300-2420-06-6-63-2-555028 MUSIC MARCHING BAND 2,070.00 0.00 2,070.00 0.00 0.00 2,070.00 0.00
0100-3-300-2410-06-6-43-2-555030 SCIENCE TEXTBOOKS 17,250.00 0.00 17,250.00 0.00 14,355.00 2,895.00 83.20
0100-3-300-2410-06-6-43-2-555032 ENGLISH TEXTBOOKS 7,340.00 0.00 7,340.00 0.00 3,947.54 3,392.46 53.80
0100-3-300-2410-06-6-43-2-555034 WORLD LANGUAGE TEXTBOOKS 4,227.00 0.00 4,227.00 0.00 3,667.41 559.59 86.80
0100-3-300-2451-99-1-52-2-555038 COMPUTER SUPPLIES 19,900.00 0.00 19,900.00 0.00 3,920.00 15,980.00 19.70
0100-3-300-2415-04-4-59-2-555039 LIBRARY EXPENSES 1,439.00 0.00 1,439.00 0.00 0.00 1,439.00 0.00
0100-3-300-2415-05-5-59-2-555039 LIBRARY EXPENSES 400.00 0.00 400.00 0.00 398.77 1.23 99.70
0100-3-300-2415-06-6-59-2-555039 LIBRARY EXPENSES 500.00 0.00 500.00 0.00 490.13 9.87 98.00
0100-3-300-2415-07-2-59-2-555039 LIBRARY EXPENSES 600.00 0.00 600.00 0.00 0.00 600.00 0.00
0100-3-300-2415-04-4-59-2-555040 LIBRARY BOOKS 4,600.00 0.00 4,600.00 0.00 0.00 4,600.00 0.00
0100-3-300-2415-05-5-59-2-555040 LIBRARY BOOKS 3,000.00 0.00 3,000.00 0.00 3,000.00 0.00 100.00
0100-3-300-2415-06-6-59-2-555040 LIBRARY BOOKS 5,500.00 0.00 5,500.00 0.00 820.00 4,680.00 14.90
0100-3-300-2415-04-4-60-2-555041 AUDIO VISUAL SUPPLIES 873.00 0.00 873.00 0.00 0.00 873.00 0.00
0100-3-300-2415-06-6-60-2-555041 AUDIO VISUAL SUPPLIES 102.00 0.00 102.00 0.00 99.95 2.05 98.00
0100-3-300-2415-06-6-60-2-555043 WORLD LANGUAGE A.V. SUPPLIES 3,083.00 0.00 3,083.00 0.00 2,898.78 184.22 94.00
0100-3-300-2710-04-4-65-2-555044 GUIDANCE SUPPLIES 403.00 0.00 403.00 0.00 0.00 403.00 0.00
===PAGE 7===
0100-3-300-2710-05-5-65-2-555044 GUIDANCE SUPPLIES 575.00 0.00 575.00 0.00 0.00 575.00 0.00
0100-3-300-2710-06-6-65-2-555044 GUIDANCE SUPPLIES 6,954.00 0.00 6,954.00 0.00 1,012.96 5,941.04 14.60
0100-3-300-2710-07-2-65-2-555044 GUIDANCE SUPPLIES 250.00 0.00 250.00 0.00 0.00 250.00 0.00
0100-3-300-2710-06-6-65-2-555045 LEASE OF GUIDANCE SOFTWARE 24,800.00 0.00 24,800.00 0.00 8,250.00 16,550.00 33.30
0100-3-300-3510-06-6-67-2-555048 EQUIPMENT RECONDITIONING 10,000.00 0.00 10,000.00 0.00 4,274.65 5,725.35 42.70
0100-3-300-3510-06-6-67-2-555049 REPLACEMENT OF UNIFORMS 10,000.00 0.00 10,000.00 349.00 848.00 8,803.00 12.00
0100-3-300-2420-06-6-63-2-555050 MUSIC EQUIPMENT 3,000.00 0.00 3,000.00 0.00 3,000.00 0.00 100.00
0100-3-300-3510-06-6-67-2-555050 NEW EQUIPMENT 6,000.00 0.00 6,000.00 0.00 4,478.37 1,521.63 74.60
0100-3-300-2415-05-5-29-2-555053 ENGLISH SUPPLIES 740.00 0.00 740.00 0.00 697.25 42.75 94.20
0100-3-300-2415-06-6-29-2-555053 ENGLISH SUPPLIES 1,462.00 0.00 1,462.00 0.00 401.18 1,060.82 27.40
0100-3-300-2415-51-2-05-2-555055 P.S. SPEC ED INSTR MATERIAL 1,869.00 0.00 1,869.00 0.00 0.00 1,869.00 0.00
0100-3-300-2415-51-4-05-2-555055 SPEC ED INSTRUCTIONAL MATERIAL 614.00 0.00 614.00 0.00 352.19 261.81 57.40
0100-3-300-2415-51-5-05-2-555055 SPEC ED INSTRUCTIONAL MATERIAL 2,924.00 0.00 2,924.00 0.00 1,494.32 1,429.68 51.10
0100-3-300-2415-51-6-05-2-555055 SPEC ED INSTRUCTIONAL MATERIAL 1,836.00 0.00 1,836.00 0.00 0.00 1,836.00 0.00
0100-3-300-5200-99-1-99-2-570001 HEALTH INSURANCE 3,140,838.00 0.00 3,140,838.00 534,526.80 0.00 2,606,311.20 17.00
0100-3-300-5200-99-1-99-2-570008 UNEMPLOYMENT COMPENSATION 20,000.00 0.00 20,000.00 0.00 0.00 20,000.00 0.00
0100-3-300-2000-99-1-99-2-571000 MILEAGE REIMBURSEMENT 1,000.00 0.00 1,000.00 0.00 0.00 1,000.00 0.00
0100-3-300-3200-99-1-56-2-575001 TRAVEL/OTHER EXPENSES 620.00 0.00 620.00 0.00 0.00 620.00 0.00
0100-3-300-7300-51-1-06-2-585001 SPECIAL ED EQUIPMENT 7,000.00 0.00 7,000.00 0.00 0.00 7,000.00 0.00
0100-3-300-7300-04-4-10-2-585002 NEW FURNITURE/EQUIPMENT 25,642.00 0.00 25,642.00 0.00 0.00 25,642.00 0.00
0100-3-300-7300-07-2-10-2-585002 NEW FURNITURE/EQUIPMENT 5,000.00 0.00 5,000.00 0.00 1,624.31 3,375.69 32.50
0100-3-300-7300-99-1-10-2-585003 NEW EQUIPMENT/SYSTEM 26,045.00 0.00 26,045.00 0.00 0.00 26,045.00 0.00
0100-3-300-7300-99-1-74-2-585004 CAPITAL IMPROVEMENT/MTC 45,000.00 0.00 45,000.00 0.00 0.00 45,000.00 0.00
Total 0100 GENERAL FUND 25,304,074.00 1,196.98 25,305,270.98 1,970,860.43 1,878,080.32 21,456,330.23 15.20