===PAGE 1===
Lunenburg Public Schools
FY24 Quarterly Budget Report
ORG OBJ Account Description Original Budget Transfers Revised Budget Expended Encumbrances Account Balance % Used
Salary & Wages District  
S1990991 519103 SCHOOL STIPENDS 18,000.00 0.00 18,000.00 0.00 0.00 18,000.00 0.00
S1010031 511001 SALARY HUMAN RESOURCES DIRECTO 66,000.00 0.00 66,000.00 16,499.99 0.00 49,500.01 25.00
S2510061 511001 DISTRICT WIDE SPECIALISTS 167,853.00 0.00 167,853.00 19,367.67 0.00 148,485.33 11.50
S1011021 511001 SUPERINTENDENT'S SALARY 177,000.00 0.00 177,000.00 44,249.99 0.00 132,750.01 25.00
S1011021 511002 ASST/SECRETARY SALARIES 150,586.00 0.00 150,586.00 41,273.31 0.00 109,312.69 27.40
S1011021 513002 BROOKS HOUSE SECRETARIAL O/T 1,000.00 0.00 1,000.00 565.92 0.00 434.08 56.60
S1011031 511001 BUSINESS MANAGER'S SALARY 66,000.00 0.00 66,000.00 16,499.99 0.00 49,500.01 25.00
S1011031 511002 BUSINESS OFFICE SALARIES 13,290.00 0.00 13,290.00 0.00 0.00 13,290.00 0.00
S1011521 511003 SALARIES STAFF 143,871.00 0.00 143,871.00 43,377.66 0.00 100,493.34 30.20
S2011051 511001 STUDENT SERV COORDINATOR SALRY 142,900.00 0.00 142,900.00 35,724.98 0.00 107,175.02 25.00
S2511051 511002 SPECIAL EDUCATION CLERICAL 63,845.00 0.00 63,845.00 14,337.70 0.00 49,507.30 22.50
S2511061 511001 SPED SPECIALISTS/SYSTEM SALRY 255,666.00 0.00 255,666.00 30,681.57 0.00 224,984.43 12.00
S2511061 511003 SPED SUMMER PROGRAM SALARIES 41,000.00 0.00 41,000.00 55,524.54 0.00 -14,524.54 135.40
S0511061 519015 HOME/HOSPITAL TUTORING 10,000.00 0.00 10,000.00 0.00 0.00 10,000.00 0.00
S3991561 519005 NURSE COORDINATOR STIPEND 2,863.00 0.00 2,863.00 0.00 0.00 2,863.00 0.00
S4991741 511003 MAINTENANCE SALARIES/SYSTEM 309,153.00 0.00 309,153.00 52,830.37 0.00 256,322.63 17.10
S4991741 513003 MAINTENANCE OVERTIME-SYSTEM 13,000.00 0.00 13,000.00 1,689.43 0.00 11,310.57 13.00
S4991741 519003 CLOTHING ALLOWANCE-MAINTENANCE 6,278.00 0.00 6,278.00 5,872.50 0.00 405.50 93.50
S0990991 517006 SCHOOL SALARY RESERVE 25,356.00 0.00 25,356.00 0.00 0.00 25,356.00 0.00
Salary & Wages ACE Program  
S2511061 511025 ACE RESOURCE ROOM TEACHERS 89,494.00 0.00 89,494.00 10,030.86 0.00 79,463.14 11.20
S2511131 511203 PARAPROFESSIONALS 30,271.00 0.00 30,271.00 2,861.01 0.00 27,409.99 9.50
Salary & Wages Lunenburg Primary School  
S2072081 511001 P.S. PRINCIPAL/ASST PRINCIPAL 211,254.00 0.00 211,254.00 52,813.53 0.00 158,440.47 25.00
S2072081 511002 P.S. ADMINISTRATIVE SECRETARY 56,167.00 0.00 56,167.00 13,988.00 0.00 42,179.00 24.90
S2072081 511102 P.S. CLERK TYPIST 8,444.00 0.00 8,444.00 1,015.11 0.00 7,428.89 12.00
S2072081 513002 P.S. SECRETARIAL OVERTIME 1,000.00 0.00 1,000.00 201.75 0.00 798.25 20.20
S2032101 511001 KINDERGARTEN TEACHERS/REGULAR 362,115.00 0.00 362,115.00 45,085.83 0.00 317,029.17 12.50
S2072101 511001 P.S. TEACHERS/REGULAR 1,033,468.00 0.00 1,033,468.00 123,478.71 0.00 909,989.29 11.90
S2072541 517000 RETIREMENT/LONGEVITY STIPENDS 5,000.00 0.00 5,000.00 5,000.00 0.00 0.00 100.00
S2512061 511001 P.S. SPECIAL ED TEACHERS 527,406.00 0.00 527,406.00 61,977.24 0.00 465,428.76 11.80
S3512061 511001 P.S. SPEECH PATHOLOGIST SALARY 188,547.00 0.00 188,547.00 11,429.43 0.00 177,117.57 6.10
S2022711 511003 P.S. LONG TERM SUBSTITUTES 15,000.00 0.00 15,000.00 0.00 0.00 15,000.00 0.00
S2022711 512103 P.S. REGULAR SUBSTITUTES 15,000.00 0.00 15,000.00 1,185.00 0.00 13,815.00 7.90
S2032711 512103 KINDERGARTEN REGULAR SUBS 4,000.00 0.00 4,000.00 0.00 0.00 4,000.00 0.00
S2512711 512103 P.S. SPED SUBSTITUTES 20,000.00 0.00 20,000.00 0.00 0.00 20,000.00 0.00
S2032131 511203 KIND PARAPROFESSIONALS/REG 73,273.00 0.00 73,273.00 10,232.59 0.00 63,040.41 14.00
S2512131 511203 P.S. SPED PARAPROFESSIONALS 293,987.00 0.00 293,987.00 33,796.36 0.00 260,190.64 11.50
S2077591 511003 P.S. LIBRARIANS 46,547.00 0.00 46,547.00 5,370.57 0.00 41,176.43 11.50
S2072651 511024 SOCIAL WORKERS SALARIES 124,958.00 0.00 124,958.00 14,418.24 0.00 110,539.76 11.50
S2072061 511023 PSYCHOLOGISTS SALARIES 0.00 0.00 0.00 10,371.57 0.00 -10,371.57 100.00
S3042561 511003 P.S. NURSES 65,658.00 0.00 65,658.00 7,575.93 0.00 58,082.07 11.50
September 28, 2023 1
===PAGE 2===
Lunenburg Public Schools
FY24 Quarterly Budget Report
ORG OBJ Account Description Original Budget Transfers Revised Budget Expended Encumbrances Account Balance % Used
S4072741 511003 PRIMARY SCHOOL CUSTODIANS 110,326.00 0.00 110,326.00 37,405.28 0.00 72,920.72 33.90
S4072741 513003 P.S. CUSTODIANS OVERTIME 6,500.00 0.00 6,500.00 0.00 0.00 6,500.00 0.00
Salary & Wages Turkey Hill Elementary School  
S2014081 511001 E.S. PRINCIPAL/ASST PRINCIPAL 217,880.00 0.00 217,880.00 53,770.01 0.00 164,109.99 24.70
S2014081 511002 E.S. ADMINISTRATIVE SECRETARY 50,947.00 0.00 50,947.00 12,682.80 0.00 38,264.20 24.90
S2014081 511102 E.S. CLERK TYPIST 8,444.00 0.00 8,444.00 1,674.40 0.00 6,769.60 19.80
S2014081 513002 E.S. SECRETARIAL OVERTIME 1,000.00 0.00 1,000.00 0.00 0.00 1,000.00 0.00
S2044101 511001 E.S. TEACHERS/REGULAR 1,527,124.00 0.00 1,527,124.00 182,696.79 0.00 1,344,427.21 12.00
S2044541 517000 RETIREMENT/LONGEVITY STIPENDS 5,000.00 0.00 5,000.00 5,000.00 0.00 0.00 100.00
S2514061 511001 ES SPED RESOURCE ROOM TEACHER 377,141.00 0.00 377,141.00 44,292.16 0.00 332,848.84 11.70
S3514061 511001 E.S. SPEECH PATHOLOGIST SALRY 32,829.00 0.00 32,829.00 11,210.19 0.00 21,618.81 34.10
S2044711 511003 E.S. LONG TERM SUBSTITUTES 3,000.00 0.00 3,000.00 0.00 0.00 3,000.00 0.00
S2044711 512103 E.S. REGULAR SUBSTITUTES 12,000.00 0.00 12,000.00 1,712.50 0.00 10,287.50 14.30
S2514711 512203 E.S. SPED SUBSTITUTES 15,500.00 0.00 15,500.00 2,302.35 0.00 13,197.65 14.90
S2514131 511203 E.S. SPED PARAPROFESSIONALS 248,846.00 0.00 248,846.00 24,457.50 0.00 224,388.50 9.80
S2044591 511001 E.S. LIBRARIAN 46,547.00 0.00 46,547.00 5,370.57 0.00 41,176.43 11.50
S2044651 511001 E.S. GUIDANCE COUNSELOR 87,134.00 0.00 87,134.00 0.00 0.00 87,134.00 0.00
S2044061 511023 PSYCHOLOGISTS SALARIES 71,367.00 0.00 71,367.00 6,678.39 0.00 64,688.61 9.40
S3044561 511003 E.S. NURSES 70,743.00 0.00 70,743.00 8,162.64 0.00 62,580.36 11.50
S4044741 511003 E.S. CUSTODIANS 123,011.00 0.00 123,011.00 30,807.02 0.00 92,203.98 25.00
S4044741 513003 OVERTIME E.S. CUSTODIANS 4,000.00 0.00 4,000.00 2,895.86 0.00 1,104.14 72.40
Salary & Wages Lunenburg Middle School  
S2015081 511001 M.S. PRINCIPALS/ASST PRINCIPAL 179,963.00 0.00 179,963.00 45,255.93 0.00 134,707.07 25.10
S2015081 511002 M.S. ADMINISTRATIVE SECRETARY 50,200.00 0.00 50,200.00 11,163.27 0.00 39,036.73 22.20
S2015081 511102 M.S. CLERK TYPIST 17,993.00 0.00 17,993.00 2,528.05 0.00 15,464.95 14.10
S2015081 513002 M.S. SECRETARIAL OVERTIME 1,000.00 0.00 1,000.00 83.12 0.00 916.88 8.30
S2055101 511001 M.S. TEACHERS/REGULAR 2,027,997.00 0.00 2,027,997.00 237,090.37 0.00 1,790,906.63 11.70
S2055541 517000 RETIREMENT/LONGEVITY STIPENDS 12,500.00 0.00 12,500.00 403.83 0.00 12,096.17 3.20
S2055541 517005 MASTER TEACHER STIPENDS 2,500.00 0.00 2,500.00 0.00 0.00 2,500.00 0.00
S2515061 511001 MS SPED RESOURCE ROOM TEACHERS 449,451.00 0.00 449,451.00 51,272.91 0.00 398,178.09 11.40
S3515061 511001 M.S. SPEECH PATHOLOGIST SALRY 16,415.00 0.00 16,415.00 0.00 0.00 16,415.00 0.00
S2055711 511003 M.S. LONG TERM SUBSTITUTES 3,000.00 0.00 3,000.00 0.00 0.00 3,000.00 0.00
S2055711 512103 M.S. REGULAR SUBSTITUTES 11,000.00 0.00 11,000.00 845.00 0.00 10,155.00 7.70
S2515711 512203 M.S. SPED SUBSTITUTES 8,500.00 0.00 8,500.00 238.90 0.00 8,261.10 2.80
S2515131 511203 M.S. SPEC ED PARAPROFESSIONALS 311,657.00 0.00 311,657.00 28,889.83 0.00 282,767.17 9.30
S2055591 511001 M.S. LIBRARIAN 49,200.00 0.00 49,200.00 5,676.93 0.00 43,523.07 11.50
S2055651 511001 M.S. GUIDANCE COUNSELORS 88,746.00 0.00 88,746.00 10,239.93 0.00 78,506.07 11.50
S2055061 511023 PSYCHOLOGISTS SALARIES 42,388.00 0.00 42,388.00 4,890.93 0.00 37,497.07 11.50
S3055561 511003 M.S. NURSES 60,149.00 0.00 60,149.00 4,789.84 0.00 55,359.16 8.00
S4055741 511003 M.S. CUSTODIANS 137,433.00 0.00 137,433.00 34,479.12 0.00 102,953.88 25.10
S4055741 513003 OVERTIME-M.S. CUSTODIANS 6,500.00 0.00 6,500.00 1,075.29 0.00 5,424.71 16.50
S2996101 511001 INSTR SERV DIRECTOR SALARY 91,960.00 0.00 91,960.00 30,250.02 0.00 61,709.98 32.90
September 28, 2023 2
===PAGE 3===
Lunenburg Public Schools
FY24 Quarterly Budget Report
ORG OBJ Account Description Original Budget Transfers Revised Budget Expended Encumbrances Account Balance % Used
Salary & Wages Lunenburg High School  
S2016081 511001 H.S. PRINCIPAL/ASST PRINCIPAL 275,817.00 0.00 275,817.00 69,994.53 0.00 205,822.47 25.40
S2016081 511002 H.S. ADMINISTRATIVE SECRETARY 50,200.00 0.00 50,200.00 11,163.28 0.00 39,036.72 22.20
S2016081 511102 H.S. CLERK TYPIST 17,993.00 0.00 17,993.00 2,528.05 0.00 15,464.95 14.10
S2016081 513002 H.S. SECRETARIAL OVERTIME 1,000.00 0.00 1,000.00 83.12 0.00 916.88 8.30
S2066101 511001 H.S. TEACHERS/REGULAR 2,899,395.00 0.00 2,899,395.00 326,688.77 0.00 2,572,706.23 11.30
S2066541 517000 RETIREMENT/LONGEVITY STIPENDS 12,500.00 0.00 12,500.00 750.03 0.00 11,749.97 6.00
S2066541 517005 MASTER TEACHER STIPENDS 7,500.00 0.00 7,500.00 0.00 0.00 7,500.00 0.00
S2516061 511001 HS SPED RESOURCE ROOM TEACHER 385,079.00 0.00 385,079.00 55,166.10 0.00 329,912.90 14.30
S3516061 511001 H.S. SPEECH PATHOLOGIST SALARY 16,415.00 0.00 16,415.00 0.00 0.00 16,415.00 0.00
S2066711 511003 H.S. LONG TERM SUBSTITUTES 3,000.00 0.00 3,000.00 0.00 0.00 3,000.00 0.00
S2066711 512103 H.S. REGULAR SUBSTITUTES 27,000.00 0.00 27,000.00 2,120.00 0.00 24,880.00 7.90
S2516711 512203 H.S. SPED SUBSTITUTES 8,500.00 0.00 8,500.00 219.45 0.00 8,280.55 2.60
S2066131 511203 H.S. PARAPROFESSIONALS 53,304.00 0.00 53,304.00 0.00 0.00 53,304.00 0.00
S2516131 511203 HS SPEC ED PARAPROFESSIONALS 286,180.00 0.00 286,180.00 21,287.81 0.00 264,892.19 7.40
S2066591 511001 H.S. LIBRARIAN 49,200.00 0.00 49,200.00 5,676.93 0.00 43,523.07 11.50
S2066651 511001 H.S. GUIDANCE COUNSELORS 154,209.00 0.00 154,209.00 16,694.55 0.00 137,514.45 10.80
S2066651 511002 H.S. GUIDANCE SECRETARY 43,897.00 0.00 43,897.00 6,218.80 0.00 37,678.20 14.20
S2066651 511003 HS SUMMER GUIDANCE SCHEDULING 5,293.00 0.00 5,293.00 5,431.53 0.00 -138.53 102.60
S2066651 511024 SOCIAL WORKERS SALARIES 82,866.00 0.00 82,866.00 9,561.45 0.00 73,304.55 11.50
S2066061 511023 PSYCHOLOGISTS SALARIES 42,388.00 0.00 42,388.00 4,890.93 0.00 37,497.07 11.50
S3066561 511003 H.S. NURSES 66,505.00 0.00 66,505.00 7,673.64 0.00 58,831.36 11.50
S4066741 511003 H.S. CUSTODIANS 137,433.00 0.00 137,433.00 36,811.71 0.00 100,621.29 26.80
S4066741 513003 OVERTIME-H.S. CUSTODIANS 6,500.00 0.00 6,500.00 1,075.33 0.00 5,424.67 16.50
Salary & Wages Athletics Department  
S3066671 511026 ATHLETIC DIRECTOR'S SALARY 90,200.00 0.00 90,200.00 22,549.99 0.00 67,650.01 25.00
S3066671 511029 ATHLETIC TRAINER 61,726.00 0.00 61,726.00 7,130.76 0.00 54,595.24 11.60
S3066671 514003 SPECIAL DETAIL/ATHLETIC EVENTS 5,000.00 0.00 5,000.00 130.43 0.00 4,869.57 2.60
S3066671 519104 P/R UNIFIED SPORTS COACH 3,925.00 0.00 3,925.00 0.00 0.00 3,925.00 0.00
S1011012 535001 CONFERENCE EXPENSES 250.00 0.00 250.00 0.00 0.00 250.00 0.00
September 28, 2023 3
===PAGE 4===
Lunenburg Public Schools
FY24 Quarterly Budget Report
ORG OBJ Account Description Original Budget Transfers Revised Budget Expended Encumbrances Account Balance % Used
Expenses District 
S1011012 535003 SC DUES/MEETINGS 5,000.00 0.00 5,000.00 0.00 0.00 5,000.00 0.00
S1011012 535005 SC CLASSIFIED ADS 1,000.00 0.00 1,000.00 0.00 1,000.00 0.00 100.00
S1011012 545001 SC GENERAL SUPPLIES 100.00 0.00 100.00 0.00 0.00 100.00 0.00
S1011022 534400 SUPT GENERAL SUPPLIES 5,000.00 0.00 5,000.00 4,000.00 0.00 1,000.00 80.00
S1011022 535003 SUPT DUES/MEETINGS 5,000.00 0.00 5,000.00 11,191.00 0.00 -6,191.00 223.80
S1011022 545001 SUPT GENERAL SUPPLIES 1,000.00 0.00 1,000.00 0.00 400.00 600.00 40.00
S1011032 535006 BUSINESS OFF CONTRACTED SERVICES 6,000.00 0.00 6,000.00 0.00 0.00 6,000.00 0.00
S1011032 535030 BUSINESS OFF ADMIN CONTRACTED TSA 1,600.00 0.00 1,600.00 0.00 0.00 1,600.00 0.00
S1011032 545001 BUSINESS OFF GENERAL SUPPLIES 2,500.00 0.00 2,500.00 0.00 2,000.00 500.00 80.00
S4011012 535004 SC COUNSEL/LEGAL EXPENSES 28,000.00 0.00 28,000.00 6,131.25 -3,543.75 25,412.50 9.20
S2991102 555027 CURRICULUM ADOPTION 40,000.00 0.00 40,000.00 1,265.21 7,598.57 31,136.22 22.20
S2991502 535015 PROFESSIONAL DEVELOPMENT EXP 25,000.00 0.00 25,000.00 2,500.00 330.00 22,170.00 11.30
S3991562 531006 NURSING PURCHASE OF SERVICE 4,315.00 0.00 4,315.00 3,525.90 0.00 789.10 81.70
S3991562 535017 SCHOOL PHYSICIAN STIPEND 3,500.00 0.00 3,500.00 0.00 0.00 3,500.00 0.00
S3991562 545002 NURSING OFFICE SUPPLIES/MATERIALS 4,300.00 0.00 4,300.00 0.00 2,356.84 1,943.16 54.80
S3991562 575001 NURSING TRAVEL/OTHER EXPENSES 620.00 0.00 620.00 0.00 0.00 620.00 0.00
S3991692 535025 GENERAL ED TRANSPORTAION EXPENSES 838,800.00 0.00 838,800.00 0.00 0.00 838,800.00 0.00
S5991992 570001 HEALTH INSURANCE 3,081,305.00 0.00 3,081,305.00 843,883.65 0.00 2,237,421.35 27.40
S5991992 570008 UNEMPLOYMENT COMPENSATION 18,000.00 0.00 18,000.00 4,035.06 0.00 13,964.94 22.40
Expenses Special Services  
S2510042 545001 ELL GENERAL SUPPLIES 8,000.00 0.00 8,000.00 299.00 7,340.00 361.00 95.50
S2511052 545001 GENERAL SUPPLIES 800.00 0.00 800.00 151.15 648.85 0.00 100.00
S2511062 531067 COMPUTER CONTRACTED SERVICES 5,400.00 0.00 5,400.00 6,224.87 0.00 -824.87 115.30
S2511062 535004 COUNSEL/LEGAL EXPENSES 17,000.00 0.00 17,000.00 0.00 0.00 17,000.00 0.00
S2511062 535007 COLLABORATIVE ADMIN FEES 2,500.00 0.00 2,500.00 2,500.00 0.00 0.00 100.00
S2511062 545001 ACE GENERAL SUPPLIES 6,000.00 0.00 6,000.00 864.00 2,136.00 3,000.00 50.00
S2991992 571000 MILEAGE REIMBURSEMENT 1,000.00 0.00 1,000.00 0.00 0.00 1,000.00 0.00
S1511062 535011 HOSPITAL TUTORING 3,000.00 0.00 3,000.00 0.00 3,000.00 0.00 100.00
S1511062 535012 CONTRACT RELATED SERVICES 103,000.00 0.00 103,000.00 11,815.06 136,403.69 -45,218.75 143.90
S1511062 535013 CONTRACTED EVALUATIONS 6,000.00 0.00 6,000.00 0.00 1,810.62 4,189.38 30.20
S3511062 545001 GENERAL SUPPLIES 3,000.00 0.00 3,000.00 0.00 131.25 2,868.75 4.40
S8511062 555007 TESTING MATERIALS 8,000.00 0.00 8,000.00 5,613.10 1,524.38 862.52 89.20
S3991692 535026 SPECIAL ED TRANSPORTATION 335,947.00 0.00 335,947.00 16,687.25 322,148.75 -2,889.00 100.90
S7511062 585001 SPECIAL ED EQUIPMENT 7,000.00 0.00 7,000.00 0.00 0.00 7,000.00 0.00
S0511062 535019 SPED TUITIONS-PRIVATE 310,260.00 0.00 310,260.00 19,097.07 416,962.93 -125,800.00 140.50
S5511062 535023 COLLABORATIVE TUITIONS 190,979.00 0.00 190,979.00 69,741.00 121,238.00 0.00 100.00
Expenses Grounds and Facilities  
S4991742 541001 CUSTODIAL SUPPLIES 70,675.00 0.00 70,675.00 37,147.64 27,166.64 6,360.72 91.00
S1991742 521012 HEATING CHARGES/FUEL OIL 1,042.00 0.00 1,042.00 2,077.55 922.45 -1,958.00 287.90
S1991742 521025 HEATING CHARGES/NATURAL GAS 98,151.00 0.00 98,151.00 3,943.11 94,207.89 0.00 100.00
S3991742 521006 SEWERAGE DISPOSAL 21,992.00 0.00 21,992.00 8,060.63 13,931.37 0.00 100.00
S3991742 521011 ELECTRICITY CHARGES 156,457.00 0.00 156,457.00 25,419.69 179,493.61 0.00 100.00
September 28, 2023 4
===PAGE 5===
Lunenburg Public Schools
FY24 Quarterly Budget Report
ORG OBJ Account Description Original Budget Transfers Revised Budget Expended Encumbrances Account Balance % Used
S3991742 521013 RUBBISH REMOVAL CHARGES 22,945.00 0.00 22,945.00 5,235.75 15,707.20 2,002.05 91.30
S3991742 521014 TELEPHONE CHARGES 11,904.00 0.00 11,904.00 1,686.97 10,513.03 -296.00 102.50
S3991742 523001 WATER CHARGES 22,755.00 0.00 22,755.00 10,161.58 12,593.42 0.00 100.00
S3991742 535051 TELEPHONE MAINTENANCE SYSTEM 1,550.00 0.00 1,550.00 0.00 0.00 1,550.00 0.00
S2991742 545003 MAINTENANCE OF GROUNDS SUPPLIES 20,695.00 0.00 20,695.00 2,847.88 3,937.38 13,909.74 32.80
S4011742 535006 CONTRACTED SERVICES 16,900.00 0.00 16,900.00 4,850.00 1,299.49 10,750.51 36.40
S0011742 535006 CONTRACTED SERVICES 145,000.00 0.00 145,000.00 57,557.16 49,829.72 37,613.12 74.10
S0991742 541002 BUILDING MAINTENANCE SUPPLIES 63,000.00 0.00 63,000.00 1,436.26 28,879.87 32,683.87 48.10
S0991742 545004 EMERGENCY EXPENDITURES 7,500.00 0.00 7,500.00 0.00 800.00 6,700.00 10.70
S5991742 525009 FIRE SAFETY/FURNITURE REPAIR 24,005.00 0.00 24,005.00 2,130.00 0.00 21,875.00 8.90
S5991742 525011 REPAIR OF EQUIP/MAINTENANCE 4,500.00 0.00 4,500.00 71.53 4,428.47 0.00 100.00
S7991742 585004 CAPITAL IMPROVEMENT/MTC 45,000.00 0.00 45,000.00 0.00 0.00 45,000.00 0.00
S4991762 524100 VEHICLE REPAIRS/MAINTENANCE 19,000.00 0.00 19,000.00 31.15 5,218.85 13,750.00 27.60
Expenses Technology  
S7991082 525012 EQUIPMENT-MTC & LEASE 69,848.00 0.00 69,848.00 9,592.78 48,158.22 12,097.00 82.70
S1990522 535006 CONTRACTED SERVICES 186,873.00 0.00 186,873.00 98,530.16 90,515.08 -2,172.24 101.80
S1990522 545001 GENERAL SUPPLIES 6,000.00 0.00 6,000.00 0.00 0.00 6,000.00 0.00
S2991522 555038 COMPUTER SUPPLIES 19,900.00 0.00 19,900.00 2,732.70 2,095.25 15,072.05 24.30
S4991522 525008 COMPUTER MTC/REPAIR SYSTEM 4,500.00 0.00 4,500.00 2,547.00 953.00 1,000.00 77.80
S4990522 535006 CONTRACTED SERVICES 21,832.00 0.00 21,832.00 13,021.00 5,629.00 3,182.00 103.80
S4990522 545001 GENERAL SUPPLIES 2,200.00 0.00 2,200.00 0.00 2,200.00 0.00 100.00
S7991522 525013 COMPUTERS-PURCHASE & LEASE 61,780.00 0.00 61,780.00 5,696.66 -59.00 56,142.34 9.10
S7991102 585003 NEW EQUIPMENT/SYSTEM 6,045.00 0.00 6,045.00 1,060.97 2,714.00 2,270.03 62.40
Expenses Lunenburg Primary School  
S2072082 545002 OFFICE SUPPLIES/MATERIALS 2,243.00 0.00 2,243.00 0.00 297.09 1,945.91 13.20
S2042412 555006 ART SUPPLIES 1,610.00 0.00 1,610.00 0.00 644.94 965.06 40.10
S2072282 555001 WORKBOOKS 14,950.00 0.00 14,950.00 0.00 0.00 14,950.00 0.00
S2072302 555004 READING SUPPLIES 2,990.00 0.00 2,990.00 0.00 0.00 2,990.00 0.00
S2072312 555003 MATH SUPPLIES 1,265.00 0.00 1,265.00 0.00 1,040.18 224.82 82.20
S2072592 555039 LIBRARY EXPENSES 863.00 0.00 863.00 0.00 166.72 696.28 19.30
S2072592 555040 LIBRARY BOOKS 575.00 0.00 575.00 0.00 0.00 575.00 0.00
S2512052 555055 P.S. SPEC ED INSTR MATERIAL 1,848.00 0.00 1,848.00 39.94 1,085.11 722.95 60.90
S2072332 555002 SCIENCE SUPPLIES 6,359.00 0.00 6,359.00 0.00 0.00 6,359.00 0.00
S2072622 555005 PHYSICAL ED SUPPLIES 690.00 0.00 690.00 0.00 0.00 690.00 0.00
S2072632 555008 BAND/MUSIC SUPPLIES 1,150.00 0.00 1,150.00 0.00 0.00 1,150.00 0.00
S2072102 545001 GENERAL SUPPLIES 17,754.00 0.00 17,754.00 214.95 3,695.72 13,843.33 22.00
S2072522 535006 CONTRACTED SERVICES 1,290.00 0.00 1,290.00 745.00 0.00 545.00 57.80
S2072522 555038 COMPUTER SUPPLIES 1,035.00 0.00 1,035.00 0.00 0.00 1,035.00 0.00
S2072652 555044 GUIDANCE SUPPLIES 518.00 0.00 518.00 0.00 0.00 518.00 0.00
S4072322 525003 REPAIR OFFICE MACHINES 748.00 0.00 748.00 0.00 0.00 748.00 0.00
S4072632 525001 REPAIR OF MUSIC EQUIPMENT 230.00 0.00 230.00 0.00 0.00 230.00 0.00
S7072102 585002 NEW FURNITURE/EQUIPMENT 10,000.00 0.00 10,000.00 1,137.23 3,103.21 5,759.56 42.40
September 28, 2023 5
===PAGE 6===
Lunenburg Public Schools
FY24 Quarterly Budget Report
ORG OBJ Account Description Original Budget Transfers Revised Budget Expended Encumbrances Account Balance % Used
Expenses Turkey Hill Elementary School  
S2014082 545002 OFFICE SUPPLIES/MATERIALS 5,605.00 0.00 5,605.00 1,940.00 250.00 3,415.00 39.10
S2044352 555014 SOCIAL STUDIES SUPPLIES 266.00 0.00 266.00 211.34 0.00 54.66 79.50
S2044412 555006 ART SUPPLIES 772.00 0.00 772.00 676.52 0.08 95.40 87.60
S2044592 555011 PERIODICALS 65.00 0.00 65.00 0.00 0.00 65.00 0.00
S2044592 555039 LIBRARY EXPENSES 1,625.00 0.00 1,625.00 1,543.70 0.00 81.30 95.00
S2044592 555040 LIBRARY BOOKS 4,600.00 0.00 4,600.00 0.00 92.00 4,508.00 2.00
S2044602 555041 AUDIO VISUAL SUPPLIES 5,175.00 0.00 5,175.00 0.00 0.00 5,175.00 0.00
S2514052 555055 SPEC ED INSTRUCTIONAL MATERIAL 2,783.00 0.00 2,783.00 792.12 0.00 1,990.88 28.50
S2044332 555002 SCIENCE SUPPLIES 7,171.00 0.00 7,171.00 2,063.05 278.96 4,828.99 32.70
S2044622 555005 PHYSICAL ED SUPPLIES 1,840.00 0.00 1,840.00 532.62 123.03 1,184.35 35.60
S2044632 555008 BAND/MUSIC SUPPLIES 3,363.00 0.00 3,363.00 0.00 1,080.00 2,283.00 32.10
S2044102 545001 GENERAL SUPPLIES 12,262.00 0.00 12,262.00 8,802.60 977.27 2,482.13 79.80
S2044522 535006 CONTRACTED SERVICES 8,977.00 0.00 8,977.00 4,540.00 0.00 4,437.00 50.60
S2044652 555044 GUIDANCE SUPPLIES 543.00 0.00 543.00 0.00 0.00 543.00 0.00
S7044102 585002 NEW FURNITURE/EQUIPMENT 9,965.00 0.00 9,965.00 3,870.40 0.03 6,094.57 38.80
Expenses Lunenburg Middle School  
S2015082 545002 OFFICE SUPPLIES/MATERIALS 2,500.00 0.00 2,500.00 0.00 0.00 2,500.00 0.00
S2055292 555053 ENGLISH SUPPLIES 2,987.00 0.00 2,987.00 0.00 0.00 2,987.00 0.00
S2055312 555003 MATH SUPPLIES 1,597.00 0.00 1,597.00 359.51 475.31 762.18 52.30
S2055352 555014 SOCIAL STUDIES SUPPLIES 1,627.00 0.00 1,627.00 0.00 342.32 1,284.68 21.00
S2055412 555006 ART SUPPLIES 8,050.00 0.00 8,050.00 0.00 1,501.22 6,548.78 18.60
S2055572 555012 HEALTH SUPPLIES 393.00 0.00 393.00 0.00 0.00 393.00 0.00
S2055582 555011 PERIODICALS 1,482.00 0.00 1,482.00 0.00 1,472.96 9.04 99.40
S2055592 555039 LIBRARY EXPENSES 288.00 0.00 288.00 287.62 0.00 0.38 99.90
S2055592 555040 LIBRARY BOOKS 2,000.00 0.00 2,000.00 0.00 0.00 2,000.00 0.00
S2515052 555055 SPEC ED INSTRUCTIONAL MATERIAL 3,890.00 0.00 3,890.00 127.49 2,107.75 1,654.76 57.50
S2055332 555002 SCIENCE SUPPLIES 2,582.00 0.00 2,582.00 39.96 668.15 1,873.89 27.40
S2055622 555005 PHYSICAL ED SUPPLIES 2,276.00 0.00 2,276.00 0.00 1,401.50 874.50 61.60
S2055632 555008 BAND/MUSIC SUPPLIES 3,848.00 0.00 3,848.00 0.00 3,286.04 561.96 85.40
S2055102 545001 GENERAL SUPPLIES 8,200.00 0.00 8,200.00 0.00 3,493.88 4,706.12 42.60
S0055632 535016 TRANSPORTATION 1,000.00 0.00 1,000.00 0.00 1,000.00 0.00 100.00
S2055522 535006 CONTRACTED SERVICES 5,000.00 0.00 5,000.00 0.00 0.00 5,000.00 0.00
S2055652 555044 GUIDANCE SUPPLIES 950.00 0.00 950.00 0.00 323.07 626.93 34.00
S4055632 525001 REPAIR OF MUSIC EQUIPMENT 1,500.00 0.00 1,500.00 0.00 1,500.00 0.00 100.00
Expenses Lunenburg High School  
S2016082 545002 OFFICE SUPPLIES/MATERIALS 5,000.00 0.00 5,000.00 393.75 432.08 4,174.17 16.50
S2066082 535008 GRADUATION EXPENSES 8,500.00 0.00 8,500.00 0.00 0.00 8,500.00 0.00
S2066432 555032 ENGLISH TEXTBOOKS 2,300.00 0.00 2,300.00 0.00 2,282.30 17.70 99.20
S2066432 555034 WORLD LANGUAGE TEXTBOOKS 1,829.00 0.00 1,829.00 0.00 1,821.39 7.61 99.60
S2066292 555023 ENGLISH PERIODICALS 3,155.00 0.00 3,155.00 75.00 0.00 3,080.00 2.40
S2066292 555053 ENGLISH SUPPLIES 1,396.00 0.00 1,396.00 264.81 871.15 260.04 81.40
S2066312 535020 DUES AND FEES 6,963.00 0.00 6,963.00 0.00 5,922.50 1,040.50 85.10
September 28, 2023 6
===PAGE 7===
Lunenburg Public Schools
FY24 Quarterly Budget Report
ORG OBJ Account Description Original Budget Transfers Revised Budget Expended Encumbrances Account Balance % Used
S2066312 555003 MATH SUPPLIES 473.00 0.00 473.00 203.74 267.37 1.89 99.60
S2066352 555014 SOCIAL STUDIES SUPPLIES 1,410.00 0.00 1,410.00 20.28 1,187.74 201.98 85.70
S2066362 555022 WORLD LANG TESTING MATERIALS 480.00 0.00 480.00 0.00 400.00 80.00 83.30
S2066362 555026 WORLD LANGUAGE SUPPLIES 2,175.00 0.00 2,175.00 188.65 368.84 1,617.51 25.60
S2066412 555006 ART SUPPLIES 16,560.00 0.00 16,560.00 14,264.82 1,140.70 1,154.48 93.00
S2066552 555015 HEALTH/HUMAN DEV SUPPLIES 2,883.00 0.00 2,883.00 1,681.86 1,199.16 1.98 99.90
S2066552 555025 HEALTH/HUMAN DEV PERIODICALS 100.00 0.00 100.00 0.00 0.00 100.00 0.00
S2066592 555011 PERIODICALS 200.00 0.00 200.00 0.00 0.00 200.00 0.00
S2066592 555039 LIBRARY EXPENSES 450.00 0.00 450.00 0.00 0.00 450.00 0.00
S2066592 555040 LIBRARY BOOKS 3,900.00 0.00 3,900.00 0.00 782.00 3,118.00 20.10
S2066602 555041 AUDIO VISUAL SUPPLIES 98.00 0.00 98.00 0.00 0.00 98.00 0.00
S2066602 555043 WORLD LANGUAGE A.V. SUPPLIES 2,215.00 0.00 2,215.00 427.50 1,772.81 14.69 99.30
S2516052 555055 SPEC ED INSTRUCTIONAL MATERIAL 3,458.00 0.00 3,458.00 205.53 2,755.01 497.46 85.60
S2066332 555002 SCIENCE SUPPLIES 16,485.00 0.00 16,485.00 2,563.42 4,396.39 9,525.19 42.20
S2066402 555017 INDUSTRIAL ART SUPPLIES 1,783.00 0.00 1,783.00 132.00 1,623.18 27.82 98.40
S2066622 555005 PHYSICAL ED SUPPLIES 7,911.00 0.00 7,911.00 6,330.42 1,529.33 51.25 99.40
S2066632 535020 DUES AND FEES 1,099.00 0.00 1,099.00 0.00 749.00 350.00 68.20
S2066632 555008 BAND/MUSIC SUPPLIES 1,290.00 0.00 1,290.00 0.00 1,141.48 148.52 88.50
S2066632 555028 MUSIC MARCHING BAND 5,859.00 0.00 5,859.00 1,036.85 3,347.65 1,474.50 74.80
S2066632 555050 MUSIC EQUIPMENT 2,434.00 0.00 2,434.00 0.00 0.00 2,434.00 0.00
S2066102 545001 GENERAL SUPPLIES 15,800.00 0.00 15,800.00 1,496.51 4,825.99 9,477.50 40.00
S0066632 535016 TRANSPORTATION 5,700.00 0.00 5,700.00 0.00 5,000.00 700.00 87.70
S2066522 535006 CONTRACTED SERVICES 13,250.00 0.00 13,250.00 9,307.38 3,942.00 0.62 100.00
S2066652 555044 GUIDANCE SUPPLIES 6,670.00 0.00 6,670.00 159.32 676.82 5,833.86 12.50
S2066652 555045 LEASE OF GUIDANCE SOFTWARE 23,300.00 0.00 23,300.00 0.00 25.00 23,275.00 0.10
S4066622 525010 REPAIR PHYSICAL ED EQUIPMENT 1,000.00 0.00 1,000.00 0.00 0.00 1,000.00 0.00
S4066632 525001 REPAIR OF MUSIC EQUIPMENT 3,625.00 0.00 3,625.00 0.00 2,875.00 750.00 79.30
Expenses Athletics  
S3066672 535016 TRANSPORTATION 40,000.00 0.00 40,000.00 0.00 0.00 40,000.00 0.00
S3066672 535018 ATHLETIC INSURANCE 9,000.00 0.00 9,000.00 0.00 0.00 9,000.00 0.00
S3066672 535020 DUES AND FEES 20,000.00 0.00 20,000.00 5,400.00 150.00 14,450.00 27.80
S3066672 555048 EQUIPMENT RECONDITIONING 10,000.00 0.00 10,000.00 6,722.01 581.99 2,696.00 73.00
S3066672 555049 REPLACEMENT OF UNIFORMS 10,000.00 0.00 10,000.00 1,150.00 9,810.25 -960.25 109.60
S3066672 555050 NEW EQUIPMENT 6,000.00 0.00 6,000.00 0.00 0.00 6,000.00 0.00
Grand Total 22,883,442$               -$                             22,883,442$            3,688,777$         1,716,905$         17,526,217$                 
September 28, 2023 7